0   12.5365
0.022801159 12.5427
0.045602318 12.5465
0.068403477 12.5493
0.091204636 12.5523
0.114005795 12.5489
0.136806954 12.5466
0.159608113 12.5461
0.182409272 12.5473
0.205210431 12.5473
0.22801159  12.5492
0.250812749 12.5509
0.273613908 12.5538
0.296415067 12.5616
0.319216226 12.5692
0.342017385 12.5754
0.364818544 12.5806
0.387619704 12.5766
0.410420863 12.5697
0.433222022 12.5651
0.456023181 12.5571
0.47882434  12.5455
0.501625499 12.5225
0.524426658 12.5092
0.547227817 12.5062
0.570028976 12.5029
0.592830135 12.495
0.615631294 12.4906
0.638432453 12.4895
0.661233612 12.4873
0.684034771 12.4836
0.70683593  12.4819
0.729637089 12.4814
0.752438248 12.478
0.775239407 12.477
0.798040566 12.4773
0.820841725 12.4828
0.843642884 12.4928
0.866444043 12.497
0.889245202 12.5029
0.912046361 12.5155
0.93484752  12.5124
0.957648679 12.5119
0.980449838 12.5081
1.003250997 12.5048
1.026052156 12.5062
1.048853315 12.5119
1.071654474 12.5126
1.094455633 12.5232
1.117256792 12.531
1.140057952 12.5318
1.162859111 12.5362
1.18566027  12.5446
1.208461429 12.5481
1.231262588 12.55
1.254063747 12.5547
1.276864906 12.5579
1.299666065 12.5582
1.322467224 12.5609
1.345268383 12.5539
1.368069542 12.5522
1.390870701 12.5578
1.41367186  12.5695
1.436473019 12.573
1.459274178 12.5738
1.482075337 12.575
1.504876496 12.5757
1.527677655 12.5773
1.550478814 12.5792
1.573279973 12.5817
1.596081132 12.5881
1.618882291 12.5924
1.64168345  12.5987
1.664484609 12.5967
1.687285768 12.5914
1.710086927 12.5752
1.732888086 12.5753
1.755689245 12.5726
1.778490404 12.5806
1.801291563 12.5841
1.824092722 12.5842
1.846893881 12.5873
1.86969504  12.5892
1.8924962   12.5912
1.915297359 12.5913
1.938098518 12.5908
1.960899677 12.5895
1.983700836 12.5898
2.006501995 12.5895
2.029303154 12.5978
2.052104313 12.6079
2.074905472 12.6033
2.097706631 12.6086
2.12050779  12.6207
2.143308949 12.6281
2.166110108 12.6142
2.188911267 12.613
2.211712426 12.6221
2.234513585 12.6305
2.257314744 12.6362
2.280115903 12.6368
2.302917062 12.6389
2.325718221 12.6454
2.34851938  12.6586
2.371320539 12.672
2.394121698 12.7009
2.416922857 12.7217
2.439724016 12.7271
2.462525175 12.7272
2.485326334 12.7207
2.508127493 12.7168
2.530928652 12.7165
2.553729811 12.7167
2.57653097  12.7191
2.599332129 12.7205
2.622133288 12.7214
2.644934448 12.7203
2.667735607 12.7198
2.690536766 12.7184
2.713337925 12.7192
2.736139084 12.7176
2.758940243 12.7139
2.781741402 12.7143
2.804542561 12.7195
2.82734372  12.7351
2.850144879 12.7447
2.872946038 12.7483
2.895747197 12.7468
2.918548356 12.7465
2.941349515 12.7456
2.964150674 12.7433
2.986951833 12.7441
3.009752992 12.7451
3.032554151 12.7455
3.05535531  12.7489
3.078156469 12.754
3.100957628 12.754
3.123758787 12.7519
3.146559946 12.7498
3.169361105 12.7504
3.192162264 12.7501
3.214963423 12.7445
3.237764582 12.7392
3.260565741 12.7362
3.2833669   12.737
3.306168059 12.7353
3.328969218 12.7328
3.351770377 12.7322
3.374571536 12.7319
3.397372696 12.7333
3.420173855 12.7347
3.442975014 12.7383
3.465776173 12.742
3.488577332 12.7447
3.511378491 12.7436
3.53417965  12.7472
3.556980809 12.7408
3.579781968 12.7397
3.602583127 12.7497
3.625384286 12.7485
3.648185445 12.7419
3.670986604 12.7313
3.693787763 12.7362
3.716588922 12.7409
3.739390081 12.7441
3.76219124  12.7523
3.784992399 12.7568
3.807793558 12.7595
3.830594717 12.7578
3.853395876 12.7589
3.876197035 12.7612
3.898998194 12.7724
3.921799353 12.7857
3.944600512 12.7951
3.967401671 12.8003
3.99020283  12.8016
4.013003989 12.7953
4.035805148 12.7921
4.058606307 12.7884
4.081407466 12.7817
4.104208625 12.7814
4.127009784 12.7784
4.149810944 12.7726
4.172612103 12.7753
4.195413262 12.7783
4.218214421 12.7785
4.24101558  12.7791
4.263816739 12.7699
4.286617898 12.7546
4.309419057 12.7561
4.332220216 12.752
4.355021375 12.7535
4.377822534 12.7549
4.400623693 12.7533
4.423424852 12.7602
4.446226011 12.769
4.46902717  12.7722
4.491828329 12.7781
4.514629488 12.7862
4.537430647 12.7886
4.560231806 12.788
4.583032965 12.7921
4.605834124 12.7978
4.628635283 12.8003
4.651436442 12.8011
4.674237601 12.8013
4.69703876  12.8024
4.719839919 12.8064
4.742641078 12.8091
4.765442237 12.8105
4.788243396 12.811
4.811044555 12.8161
4.833845714 12.8213
4.856646873 12.8237
4.879448032 12.8265
4.902249192 12.8276
4.925050351 12.8276
4.94785151  12.8245
4.970652669 12.8209
4.993453828 12.8196
5.016254987 12.8199
5.039056146 12.8171
5.061857305 12.8139
5.084658464 12.8143
5.107459623 12.8131
5.130260782 12.816
5.153061941 12.8153
5.1758631   12.8149
5.198664259 12.8155
5.221465418 12.8148
5.244266577 12.815
5.267067736 12.8163
5.289868895 12.8186
5.312670054 12.8187
5.335471213 12.8198
5.358272372 12.8406
5.381073531 12.8418
5.40387469  12.8354
5.426675849 12.8265
5.449477008 12.8235
5.472278167 12.8236
5.495079326 12.8301
5.517880485 12.8359
5.540681644 12.8412
5.563482803 12.8441
5.586283962 12.8448
5.609085121 12.8446
5.63188628  12.8432
5.65468744  12.8391
5.677488599 12.8367
5.700289758 12.836
5.723090917 12.8321
5.745892076 12.8289
5.768693235 12.8267
5.791494394 12.8221
5.814295553 12.8197
5.837096712 12.8207
5.859897871 12.8332
5.88269903  12.8515
5.905500189 12.8641
5.928301348 12.859
5.951102507 12.85
5.973903666 12.8512
5.996704825 12.8553
6.019505984 12.8558
6.042307143 12.8612
6.065108302 12.8656
6.087909461 12.877
6.11071062  12.8723
6.133511779 12.854
6.156312938 12.8545
6.179114097 12.8565
6.201915256 12.8621
6.224716415 12.8704
6.247517574 12.8686
6.270318733 12.8622
6.293119892 12.8547
6.315921051 12.8527
6.33872221  12.8524
6.361523369 12.8483
6.384324528 12.8484
6.407125688 12.8505
6.429926847 12.8578
6.452728006 12.8673
6.475529165 12.8758
6.498330324 12.8865
6.521131483 12.9001
6.543932642 12.9044
6.566733801 12.9072
6.58953496  12.9054
6.612336119 12.9063
6.635137278 12.9049
6.657938437 12.9001
6.680739596 12.8958
6.703540755 12.8862
6.726341914 12.8818
6.749143073 12.8786
6.771944232 12.8728
6.794745391 12.8723
6.81754655  12.875
6.840347709 12.8719
6.863148868 12.875
6.885950027 12.8779
6.908751186 12.8744
6.931552345 12.8772
6.954353504 12.881
6.977154663 12.8856
6.999955822 12.8841
7.022756981 12.8859
7.04555814  12.8852
7.068359299 12.8852
7.091160458 12.8918
7.113961617 12.8964
7.136762776 12.8972
7.159563936 12.898
7.182365095 12.9004
7.205166254 12.9042
7.227967413 12.9065
7.250768572 12.9107
7.273569731 12.9127
7.29637089  12.9143
7.319172049 12.9227
7.341973208 12.9263
7.364774367 12.9292
7.387575526 12.9307
7.410376685 12.9303
7.433177844 12.9352
7.455979003 12.9377
7.478780162 12.9365
7.501581321 12.9411
7.52438248  12.9523
7.547183639 12.9592
7.569984798 12.9599
7.592785957 12.9678
7.615587116 12.9893
7.638388275 12.9975
7.661189434 12.9994
7.683990593 13.0079
7.706791752 13.0086
7.729592911 13.0114
7.75239407  13.0177
7.775195229 13.019
7.797996388 13.0286
7.820797547 13.0355
7.843598706 13.0426
7.866399865 13.0494
7.889201024 13.0553
7.912002184 13.0623
7.934803343 13.0643
7.957604502 13.0681
7.980405661 13.0754
8.00320682  13.0806
8.026007979 13.0925
8.048809138 13.1104
8.071610297 13.1133
8.094411456 13.1195
8.117212615 13.1309
8.140013774 13.1372
8.162814933 13.1402
8.185616092 13.1462
8.208417251 13.1559
8.23121841  13.1677
8.254019569 13.1687
8.276820728 13.1696
8.299621887 13.1789
8.322423046 13.1936
8.345224205 13.2022
8.368025364 13.2036
8.390826523 13.2152
8.413627682 13.2204
8.436428841 13.2215
8.45923 13.2332
8.482031159 13.2559
8.504832318 13.2641
8.527633477 13.276
8.550434636 13.2814
8.573235795 13.2832
8.596036954 13.2942
8.618838113 13.3064
8.641639272 13.3107
8.664440432 13.3163
8.687241591 13.3197
8.71004275  13.3223
8.732843909 13.3297
8.755645068 13.3338
8.778446227 13.3386
8.801247386 13.3453
8.824048545 13.3498
8.846849704 13.3559
8.869650863 13.3583
8.892452022 13.3643
8.915253181 13.3725
8.93805434  13.3785
8.960855499 13.3875
8.983656658 13.4011
9.006457817 13.4074
9.029258976 13.4248
9.052060135 13.4359
9.074861294 13.4374
9.097662453 13.4338
9.120463612 13.4341
9.143264771 13.4342
9.16606593  13.434
9.188867089 13.4358
9.211668248 13.442
9.234469407 13.445
9.257270566 13.4602
9.280071725 13.4657
9.302872884 13.4701
9.325674043 13.4789
9.348475202 13.4858
9.371276361 13.4871
9.39407752  13.4883
9.41687868  13.4973
9.439679839 13.4983
9.462480998 13.5028
9.485282157 13.512
9.508083316 13.5168
9.530884475 13.5233
9.553685634 13.5325
9.576486793 13.538
9.599287952 13.5493
9.622089111 13.5619
9.64489027  13.5678
9.667691429 13.5691
9.690492588 13.584
9.713293747 13.5859
9.736094906 13.5874
9.758896065 13.5941
9.781697224 13.6034
9.804498383 13.608
9.827299542 13.6115
9.850100701 13.6124
9.87290186  13.6169
9.895703019 13.6235
9.918504178 13.6227
9.941305337 13.6241
9.964106496 13.6478
9.986907655 13.6508
10.00970881 13.6559
10.03250997 13.6704
10.05531113 13.6874
10.07811229 13.6966
10.10091345 13.6984
10.12371461 13.7069
10.14651577 13.7167
10.16931693 13.7237
10.19211809 13.7321
10.21491925 13.7358
10.2377204  13.7389
10.26052156 13.747
10.28332272 13.7568
10.30612388 13.7611
10.32892504 13.7629
10.3517262  13.7673
10.37452736 13.7749
10.39732852 13.7876
10.42012968 13.7926
10.44293084 13.7954
10.46573199 13.8038
10.48853315 13.8111
10.51133431 13.8135
10.53413547 13.8244
10.55693663 13.8344
10.57973779 13.8354
10.60253895 13.8405
10.62534011 13.8524
10.64814127 13.8617
10.67094243 13.8669
10.69374359 13.8789
10.71654474 13.8863
10.7393459  13.8898
10.76214706 13.8964
10.78494822 13.9053
10.80774938 13.9109
10.83055054 13.9195
10.8533517  13.922
10.87615286 13.9327
10.89895402 13.9442
10.92175518 13.9459
10.94455633 13.9525
10.96735749 13.9656
10.99015865 13.9673
11.01295981 13.9773
11.03576097 13.9825
11.05856213 13.9883
11.08136329 13.9916
11.10416445 13.9927
11.12696561 13.9981
11.14976677 14.0024
11.17256792 14.0095
11.19536908 14.0206
11.21817024 14.0236
11.2409714  14.0261
11.26377256 14.0327
11.28657372 14.0366
11.30937488 14.0412
11.33217604 14.0545
11.3549772  14.0678
11.37777836 14.0751
11.40057952 14.0755
11.42338067 14.0729
11.44618183 14.0773
11.46898299 14.0787
11.49178415 14.0888
11.51458531 14.0988
11.53738647 14.1
11.56018763 14.1021
11.58298879 14.1064
11.60578995 14.1066
11.62859111 14.1126
11.65139226 14.1236
11.67419342 14.1277
11.69699458 14.1346
11.71979574 14.1493
11.7425969  14.1549
11.76539806 14.1613
11.78819922 14.1665
11.81100038 14.1707
11.83380154 14.1766
11.8566027  14.1784
11.87940385 14.1931
11.90220501 14.1944
11.92500617 14.1968
11.94780733 14.2046
11.97060849 14.2077
11.99340965 14.2083
12.01621081 14.2132
12.03901197 14.2169
12.06181313 14.2183
12.08461429 14.2267
12.10741545 14.2316
12.1302166  14.233
12.15301776 14.2413
12.17581892 14.2501
12.19862008 14.2557
12.22142124 14.2597
12.2442224  14.2654
12.26702356 14.2665
12.28982472 14.2705
12.31262588 14.2795
12.33542704 14.2811
12.35822819 14.2893
12.38102935 14.2972
12.40383051 14.2977
12.42663167 14.3012
12.44943283 14.3073
12.47223399 14.3104
12.49503515 14.3107
12.51783631 14.3143
12.54063747 14.3154
12.56343863 14.3175
12.58623978 14.3207
12.60904094 14.3217
12.6318421  14.325
12.65464326 14.3315
12.67744442 14.3354
12.70024558 14.3418
12.72304674 14.345
12.7458479  14.3459
12.76864906 14.3479
12.79145022 14.3522
12.81425138 14.3569
12.83705253 14.3608
12.85985369 14.3712
12.88265485 14.3865
12.90545601 14.3874
12.92825717 14.3823
12.95105833 14.3815
12.97385949 14.3832
12.99666065 14.3837
13.01946181 14.3872
13.04226297 14.3886
13.06506412 14.3937
13.08786528 14.4004
13.11066644 14.4045
13.1334676  14.408
13.15626876 14.4092
13.17906992 14.4113
13.20187108 14.4153
13.22467224 14.4134
13.2474734  14.4275
13.27027456 14.4358
13.29307571 14.4436
13.31587687 14.4534
13.33867803 14.4569
13.36147919 14.4602
13.38428035 14.4613
13.40708151 14.4636
13.42988267 14.4705
13.45268383 14.4766
13.47548499 14.4781
13.49828615 14.4782
13.52108731 14.4762
13.54388846 14.4742
13.56668962 14.4729
13.58949078 14.4713
13.61229194 14.4676
13.6350931  14.4693
13.65789426 14.4713
13.68069542 14.479
13.70349658 14.4804
13.72629774 14.501
13.7490989  14.5063
13.77190005 14.5046
13.79470121 14.5132
13.81750237 14.516
13.84030353 14.5173
13.86310469 14.5205
13.88590585 14.5237
13.90870701 14.5254
13.93150817 14.5302
13.95430933 14.533
13.97711049 14.5378
13.99991164 14.5467
14.0227128  14.5499
14.04551396 14.5513
14.06831512 14.561
14.09111628 14.5708
14.11391744 14.5743
14.1367186  14.5744
14.15951976 14.5726
14.18232092 14.5738
14.20512208 14.5727
14.22792323 14.5823
14.25072439 14.5904
14.27352555 14.5911
14.29632671 14.6006
14.31912787 14.6135
14.34192903 14.619
14.36473019 14.6212
14.38753135 14.6281
14.41033251 14.6357
14.43313367 14.6447
14.45593483 14.6465
14.47873598 14.6487
14.50153714 14.6559
14.5243383  14.6602
14.54713946 14.6555
14.56994062 14.6515
14.59274178 14.6514
14.61554294 14.6607
14.6383441  14.6625
14.66114526 14.6612
14.68394642 14.6695
14.70674757 14.674
14.72954873 14.6853
14.75234989 14.6888
14.77515105 14.6902
14.79795221 14.6953
14.82075337 14.6988
14.84355453 14.7006
14.86635569 14.7027
14.88915685 14.7035
14.91195801 14.7049
14.93475916 14.7073
14.95756032 14.7086
14.98036148 14.7067
15.00316264 14.7019
15.0259638  14.6881
15.04876496 14.6749
15.07156612 14.6812
15.09436728 14.6851
15.11716844 14.6935
15.1399696  14.6977
15.16277076 14.7037
15.18557191 14.7176
15.20837307 14.7237
15.23117423 14.7271
15.25397539 14.7273
15.27677655 14.7259
15.29957771 14.7275
15.32237887 14.731
15.34518003 14.7276
15.36798119 14.7278
15.39078235 14.726
15.4135835  14.7307
15.43638466 14.7372
15.45918582 14.7405
15.48198698 14.7399
15.50478814 14.7354
15.5275893  14.7321
15.55039046 14.7359
15.57319162 14.7393
15.59599278 14.7462
15.61879394 14.7501
15.64159509 14.7494
15.66439625 14.7527
15.68719741 14.7498
15.70999857 14.7474
15.73279973 14.7374
15.75560089 14.7332
15.77840205 14.7309
15.80120321 14.7292
15.82400437 14.7279
15.84680553 14.7187
15.86960669 14.7171
15.89240784 14.7399
15.915209   14.7699
15.93801016 14.7641
15.96081132 14.766
15.98361248 14.7595
16.00641364 14.7516
16.0292148  14.7433
16.05201596 14.7276
16.07481712 14.7226
16.09761828 14.71
16.12041943 14.7113
16.14322059 14.7104
16.16602175 14.7025
16.18882291 14.702
16.21162407 14.7042
16.23442523 14.7062
16.25722639 14.7063
16.28002755 14.7111
16.30282871 14.7124
16.32562987 14.7155
16.34843102 14.7078
16.37123218 14.6985
16.39403334 14.6891
16.4168345  14.6839
16.43963566 14.6843
16.46243682 14.6685
16.48523798 14.6542
16.50803914 14.6538
16.5308403  14.6503
16.55364146 14.6364
16.57644262 14.6361
16.59924377 14.6043
16.62204493 14.5956
16.64484609 14.602
16.66764725 14.6038
16.69044841 14.5952
16.71324957 14.5817
16.73605073 14.5422
16.75885189 14.5281
16.78165305 14.527
16.80445421 14.5205
16.82725536 14.5099
16.85005652 14.5063
16.87285768 14.5048
16.89565884 14.4967
16.91846    14.489
16.94126116 14.4807
16.96406232 14.4771
16.98686348 14.478
17.00966464 14.4786
17.0324658  14.4838
17.05526695 14.4884
17.07806811 14.4896
17.10086927 14.491
17.12367043 14.4918
17.14647159 14.4919
17.16927275 14.4972
17.19207391 14.5021
17.21487507 14.5023
17.23767623 14.5016
17.26047739 14.4955
17.28327855 14.4919
17.3060797  14.4905
17.32888086 14.49
17.35168202 14.4906
17.37448318 14.4917
17.39728434 14.4931
17.4200855  14.4934
17.44288666 14.492
17.46568782 14.4881
17.48848898 14.4855
17.51129014 14.4846
17.53409129 14.4813
17.55689245 14.4819
17.57969361 14.4807
17.60249477 14.4906
17.62529593 14.4919
17.64809709 14.4831
17.67089825 14.4781
17.69369941 14.4765
17.71650057 14.4745
17.73930173 14.4703
17.76210288 14.4706
17.78490404 14.4752
17.8077052  14.4777
17.83050636 14.4773
17.85330752 14.4767
17.87610868 14.4769
17.89890984 14.476
17.921711   14.4753
17.94451216 14.4795
17.96731332 14.4764
17.99011447 14.4719
18.01291563 14.4707
18.03571679 14.468
18.05851795 14.4677
18.08131911 14.47
18.10412027 14.4706
18.12692143 14.477
18.14972259 14.4813
18.17252375 14.4782
18.19532491 14.4766
18.21812607 14.4756
18.24092722 14.4745
18.26372838 14.4747
18.28652954 14.4757
18.3093307  14.4704
18.33213186 14.463
18.35493302 14.4565
18.37773418 14.4569
18.40053534 14.4612
18.4233365  14.4632
18.44613766 14.4639
18.46893881 14.4648
18.49173997 14.4649
18.51454113 14.4653
18.53734229 14.4656
18.56014345 14.4658
18.58294461 14.4663
18.60574577 14.4669
18.62854693 14.4675
18.65134809 14.4675
18.67414925 14.4672
18.6969504  14.467
18.71975156 14.4669
18.74255272 14.4666
18.76535388 14.4683
18.78815504 14.4686
18.8109562  14.4682
18.83375736 14.4692
18.85655852 14.4705
18.87935968 14.4704
18.90216084 14.4658
18.924962   14.4621
18.94776315 14.4616
18.97056431 14.4627
18.99336547 14.4636
19.01616663 14.4643
19.03896779 14.4637
19.06176895 14.4641
19.08457011 14.4652
19.10737127 14.4648
19.13017243 14.4608
19.15297359 14.4571
19.17577474 14.4574
19.1985759  14.4567
19.22137706 14.4552
19.24417822 14.4539
19.26697938 14.453
19.28978054 14.4527
19.3125817  14.4524
19.33538286 14.4519
19.35818402 14.4524
19.38098518 14.4555
19.40378633 14.4567
19.42658749 14.4585
19.44938865 14.4563
19.47218981 14.4537
19.49499097 14.4543
19.51779213 14.4542
19.54059329 14.4529
19.56339445 14.452
19.58619561 14.453
19.60899677 14.4549
19.63179793 14.4565
19.65459908 14.4572
19.67740024 14.4642
19.7002014  14.4759
19.72300256 14.4758
19.74580372 14.4758
19.76860488 14.4641
19.79140604 14.4581
19.8142072  14.4575
19.83700836 14.4537
19.85980952 14.4499
19.88261067 14.4486
19.90541183 14.4478
19.92821299 14.4489
19.95101415 14.4493
19.97381531 14.4495
19.99661647 14.4504
20.01941763 14.4508
20.04221879 14.4507
20.06501995 14.4509
20.08782111 14.4509
20.11062226 14.4509
20.13342342 14.4503
20.15622458 14.4493
20.17902574 14.4484
20.2018269  14.448
20.22462806 14.4493
20.24742922 14.4513
20.27023038 14.4533
20.29303154 14.4546
20.3158327  14.45
20.33863386 14.4491
20.36143501 14.4484
20.38423617 14.4456
20.40703733 14.4435
20.42983849 14.446
20.45263965 14.4488
20.47544081 14.4468
20.49824197 14.4457
20.52104313 14.4439
20.54384429 14.4399
20.56664545 14.4414
20.5894466  14.441
20.61224776 14.4414
20.63504892 14.4399
20.65785008 14.4371
20.68065124 14.437
20.7034524  14.435
20.72625356 14.4312
20.74905472 14.4285
20.77185588 14.4307
20.79465704 14.4358
20.81745819 14.443
20.84025935 14.4467
20.86306051 14.4486
20.88586167 14.4475
20.90866283 14.4465
20.93146399 14.4443
20.95426515 14.4434
20.97706631 14.4432
20.99986747 14.4435
21.02266863 14.4461
21.04546979 14.4475
21.06827094 14.4476
21.0910721  14.4462
21.11387326 14.4446
21.13667442 14.442
21.15947558 14.4395
21.18227674 14.4399
21.2050779  14.4392
21.22787906 14.4198
21.25068022 14.4062
21.27348138 14.4016
21.29628253 14.4036
21.31908369 14.4063
21.34188485 14.414
21.36468601 14.4223
21.38748717 14.4364
21.41028833 14.4434
21.43308949 14.4491
21.45589065 14.4506
21.47869181 14.4506
21.50149297 14.4475
21.52429412 14.4448
21.54709528 14.4438
21.56989644 14.443
21.5926976  14.441
21.61549876 14.4387
21.63829992 14.4373
21.66110108 14.4355
21.68390224 14.4352
21.7067034  14.4411
21.72950456 14.4468
21.75230571 14.4363
21.77510687 14.4305
21.79790803 14.4288
21.82070919 14.425
21.84351035 14.4247
21.86631151 14.4178
21.88911267 14.4145
21.91191383 14.4181
21.93471499 14.4212
21.95751615 14.421
21.98031731 14.4212
22.00311846 14.409
22.02591962 14.4038
22.04872078 14.4031
22.07152194 14.4002
22.0943231  14.3923
22.11712426 14.3918
22.13992542 14.3929
22.16272658 14.3926
22.18552774 14.3918
22.2083289  14.389
22.23113005 14.388
22.25393121 14.3849
22.27673237 14.383
22.29953353 14.3822
22.32233469 14.3877
22.34513585 14.3864
22.36793701 14.3864
22.39073817 14.384
22.41353933 14.3821
22.43634049 14.3861
22.45914164 14.3849
22.4819428  14.3847
22.50474396 14.3861
22.52754512 14.3862
22.55034628 14.3866
22.57314744 14.388
22.5959486  14.3947
22.61874976 14.3999
22.64155092 14.3945
22.66435208 14.3878
22.68715324 14.3794
22.70995439 14.3739
22.73275555 14.3703
22.75555671 14.3688
22.77835787 14.3663
22.80115903 14.3607
22.82396019 14.3584
22.84676135 14.3553
22.86956251 14.3504
22.89236367 14.3573
22.91516483 14.3618
22.93796598 14.3775
22.96076714 14.3813
22.9835683  14.382
23.00636946 14.3814
23.02917062 14.385
23.05197178 14.3811
23.07477294 14.3785
23.0975741  14.3763
23.12037526 14.3718
23.14317642 14.3719
23.16597757 14.3736
23.18877873 14.3688
23.21157989 14.3656
23.23438105 14.3607
23.25718221 14.3487
23.27998337 14.3402
23.30278453 14.3423
23.32558569 14.3416
23.34838685 14.337
23.37118801 14.3352
23.39398917 14.3347
23.41679032 14.3325
23.43959148 14.33
23.46239264 14.3217
23.4851938  14.3207
23.50799496 14.3238
23.53079612 14.3367
23.55359728 14.3383
23.57639844 14.3406
23.5991996  14.3394
23.62200076 14.3423
23.64480191 14.3447
23.66760307 14.3417
23.69040423 14.3387
23.71320539 14.3391
23.73600655 14.3478
23.75880771 14.3706
23.78160887 14.3753
23.80441003 14.3778
23.82721119 14.3782
23.85001235 14.3799
23.8728135  14.3762
23.89561466 14.3691
23.91841582 14.3657
23.94121698 14.3649
23.96401814 14.3566
23.9868193  14.3523
24.00962046 14.3511
24.03242162 14.3501
24.05522278 14.3503
24.07802394 14.35
24.1008251  14.3413
24.12362625 14.3352
24.14642741 14.3331
24.16922857 14.3381
24.19202973 14.3425
24.21483089 14.3429
24.23763205 14.3467
24.26043321 14.3515
24.28323437 14.3545
24.30603553 14.3546
24.32883669 14.3585
24.35163784 14.3606
24.374439   14.361
24.39724016 14.3614
24.42004132 14.3643
24.44284248 14.3655
24.46564364 14.3679
24.4884448  14.3702
24.51124596 14.3723
24.53404712 14.3706
24.55684828 14.3622
24.57964943 14.3597
24.60245059 14.3591
24.62525175 14.3571
24.64805291 14.3535
24.67085407 14.3498
24.69365523 14.3461
24.71645639 14.3444
24.73925755 14.3392
24.76205871 14.3417
24.78485987 14.3446
24.80766103 14.3509
24.83046218 14.3543
24.85326334 14.3574
24.8760645  14.3611
24.89886566 14.3618
24.92166682 14.3515
24.94446798 14.3507
24.96726914 14.3441
24.9900703  14.3364
25.01287146 14.3252
25.03567262 14.3437
25.05847377 14.3801
25.08127493 14.4032
25.10407609 14.4085
25.12687725 14.4032
25.14967841 14.3956
25.17247957 14.3761
25.19528073 14.3634
25.21808189 14.3812
25.24088305 14.3916
25.26368421 14.3951
25.28648536 14.4124
25.30928652 14.4257
25.33208768 14.4418
25.35488884 14.4468
25.37769    14.4632
25.40049116 14.5015
25.42329232 14.526
25.44609348 14.5607
25.46889464 14.6314
25.4916958  14.6585
25.51449695 14.6605
25.53729811 14.6625
25.56009927 14.6896
25.58290043 14.6988
25.60570159 14.6999
25.62850275 14.6904
25.65130391 14.6655
25.67410507 14.6689
25.69690623 14.6627
25.71970739 14.6501
25.74250855 14.6452
25.7653097  14.6456
25.78811086 14.6444
25.81091202 14.6443
25.83371318 14.6618
25.85651434 14.6731
25.8793155  14.6665
25.90211666 14.6956
25.92491782 14.6885
25.94771898 14.6782
25.97052014 14.6746
25.99332129 14.6683
26.01612245 14.6631
26.03892361 14.6628
26.06172477 14.6621
26.08452593 14.6625
26.10732709 14.6661
26.13012825 14.6658
26.15292941 14.6728
26.17573057 14.6729
26.19853173 14.6457
26.22133288 14.6074
26.24413404 14.6
26.2669352  14.5842
26.28973636 14.5801
26.31253752 14.5789
26.33533868 14.5773
26.35813984 14.5745
26.380941   14.5715
26.40374216 14.5706
26.42654332 14.5675
26.44934448 14.5607
26.47214563 14.5572
26.49494679 14.5553
26.51774795 14.5488
26.54054911 14.546
26.56335027 14.5432
26.58615143 14.5425
26.60895259 14.5369
26.63175375 14.5293
26.65455491 14.5267
26.67735607 14.5219
26.70015722 14.5204
26.72295838 14.5169
26.74575954 14.5082
26.7685607  14.4927
26.79136186 14.4892
26.81416302 14.4833
26.83696418 14.4719
26.85976534 14.4704
26.8825665  14.4644
26.90536766 14.4495
26.92816881 14.4326
26.95096997 14.4253
26.97377113 14.4218
26.99657229 14.407
27.01937345 14.3968
27.04217461 14.3958
27.06497577 14.3879
27.08777693 14.3732
27.11057809 14.3677
27.13337925 14.3564
27.15618041 14.3499
27.17898156 14.3414
27.20178272 14.3327
27.22458388 14.3298
27.24738504 14.3281
27.2701862  14.3227
27.29298736 14.3181
27.31578852 14.3168
27.33858968 14.3043
27.36139084 14.2794
27.384192   14.2664
27.40699315 14.2513
27.42979431 14.2409
27.45259547 14.2392
27.47539663 14.2266
27.49819779 14.2139
27.52099895 14.2003
27.54380011 14.1864
27.56660127 14.1744
27.58940243 14.1563
27.61220359 14.1556
27.63500474 14.1531
27.6578059  14.1511
27.68060706 14.1515
27.70340822 14.1509
27.72620938 14.1494
27.74901054 14.1503
27.7718117  14.1501
27.79461286 14.1485
27.81741402 14.1481
27.84021518 14.1461
27.86301634 14.1392
27.88581749 14.1369
27.90861865 14.139
27.93141981 14.1449
27.95422097 14.1493
27.97702213 14.1472
27.99982329 14.146
28.02262445 14.129
28.04542561 14.1151
28.06822677 14.106
28.09102793 14.1199
28.11382908 14.1154
28.13663024 14.1115
28.1594314  14.0989
28.18223256 14.086
28.20503372 14.0666
28.22783488 14.0558
28.25063604 14.0446
28.2734372  14.0375
28.29623836 14.0313
28.31903952 14.026
28.34184067 14.0237
28.36464183 14.0188
28.38744299 14.0112
28.41024415 14.0092
28.43304531 14.0047
28.45584647 13.9943
28.47864763 13.9835
28.50144879 13.95
28.52424995 13.9379
28.54705111 13.9378
28.56985227 13.9421
28.59265342 13.9415
28.61545458 13.9484
28.63825574 13.9562
28.6610569  13.9456
28.68385806 13.9162
28.70665922 13.8904
28.72946038 13.8651
28.75226154 13.8593
28.7750627  13.8579
28.79786386 13.8555
28.82066501 13.8584
28.84346617 13.8629
28.86626733 13.8719
28.88906849 13.8792
28.91186965 13.8787
28.93467081 13.8575
28.95747197 13.8093
28.98027313 13.799
29.00307429 13.7969
29.02587545 13.7917
29.0486766  13.7934
29.07147776 13.7932
29.09427892 13.7881
29.11708008 13.7772
29.13988124 13.7742
29.1626824  13.7689
29.18548356 13.7586
29.20828472 13.7552
29.23108588 13.748
29.25388704 13.7424
29.27668819 13.7325
29.29948935 13.7232
29.32229051 13.7223
29.34509167 13.7203
29.36789283 13.7199
29.39069399 13.7195
29.41349515 13.7175
29.43629631 13.7182
29.45909747 13.7187
29.48189863 13.715
29.50469979 13.715
29.52750094 13.7172
29.5503021  13.719
29.57310326 13.7263
29.59590442 13.7257
29.61870558 13.7069
29.64150674 13.6972
29.6643079  13.6749
29.68710906 13.6641
29.70991022 13.6775
29.73271138 13.6778
29.75551253 13.6596
29.77831369 13.6744
29.80111485 13.6878
29.82391601 13.7179
29.84671717 13.7751
29.86951833 13.6938
29.89231949 13.6197
29.91512065 13.618
29.93792181 13.6117
29.96072297 13.5922
29.98352412 13.5903
30.00632528 13.5753
30.02912644 13.5726
30.0519276  13.575
30.07472876 13.5629
30.09752992 13.5663
30.12033108 13.6696
30.14313224 13.7145
30.1659334  13.7357
30.18873456 13.6775
30.21153572 13.6344
30.23433687 13.6031
30.25713803 13.5618
30.27993919 13.5723
30.30274035 13.5548
30.32554151 13.5116
30.34834267 13.5151
30.37114383 13.4898
30.39394499 13.474
30.41674615 13.4744
30.43954731 13.4632
30.46234846 13.4366
30.48514962 13.4265
30.50795078 13.4253
30.53075194 13.4212
30.5535531  13.408
30.57635426 13.4078
30.59915542 13.3929
30.62195658 13.3803
30.64475774 13.3784
30.6675589  13.3721
30.69036005 13.3653
30.71316121 13.361
30.73596237 13.3578
30.75876353 13.3562
30.78156469 13.3543
30.80436585 13.3469
30.82716701 13.3383
30.84996817 13.3337
30.87276933 13.3252
30.89557049 13.3219
30.91837165 13.3225
30.9411728  13.3259
30.96397396 13.3166
30.98677512 13.2969
31.00957628 13.2846
31.03237744 13.2796
31.0551786  13.277
31.07797976 13.2733
31.10078092 13.2671
31.12358208 13.2569
31.14638324 13.2505
31.16918439 13.2408
31.19198555 13.2341
31.21478671 13.2322
31.23758787 13.2266
31.26038903 13.211
31.28319019 13.2052
31.30599135 13.1899
31.32879251 13.1865
31.35159367 13.1785
31.37439483 13.1705
31.39719598 13.1653
31.41999714 13.16
31.4427983  13.1542
31.46559946 13.1443
31.48840062 13.1387
31.51120178 13.1382
31.53400294 13.1352
31.5568041  13.1221
31.57960526 13.1139
31.60240642 13.1133
31.62520758 13.1114
31.64800873 13.1059
31.67080989 13.1024
31.69361105 13.1032
31.71641221 13.1062
31.73921337 13.1113
31.76201453 13.113
31.78481569 13.1156
31.80761685 13.1189
31.83041801 13.1179
31.85321917 13.1132
31.87602032 13.104
31.89882148 13.0959
31.92162264 13.0931
31.9444238  13.0815
31.96722496 13.0641
31.99002612 13.0667
32.01282728 13.0795
32.03562844 13.0767
32.0584296  13.0558
32.08123076 13.0559
32.10403191 12.9995
32.12683307 12.9677
32.14963423 12.9701
32.17243539 12.9984
32.19523655 12.987
32.21803771 12.9585
32.24083887 12.9576
32.26364003 12.9836
32.28644119 12.9979
32.30924235 12.9996
32.33204351 12.9919
32.35484466 12.9866
32.37764582 12.9841
32.40044698 12.9798
32.42324814 12.98
32.4460493  12.9761
32.46885046 12.9593
32.49165162 12.9366
32.51445278 12.9411
32.53725394 12.9304
32.5600551  12.9276
32.58285625 12.9407
32.60565741 12.933
32.62845857 12.9333
32.65125973 12.9355
32.67406089 12.9228
32.69686205 12.9067
32.71966321 12.902
32.74246437 12.8888
32.76526553 12.8675
32.78806669 12.866
32.81086784 12.868
32.833669   12.8675
32.85647016 12.8677
32.87927132 12.8675
32.90207248 12.8569
32.92487364 12.8488
32.9476748  12.8422
32.97047596 12.8568
32.99327712 12.8925
33.01607828 12.879
33.03887943 12.8892
33.06168059 12.8868
33.08448175 12.8513
33.10728291 12.8789
33.13008407 12.9372
33.15288523 12.9652
33.17568639 12.9203
33.19848755 12.8931
33.22128871 12.8835
33.24408987 12.8599
33.26689103 12.8479
33.28969218 12.8393
33.31249334 12.8338
33.3352945  12.8308
33.35809566 12.8132
33.38089682 12.8094
33.40369798 12.8053
33.42649914 12.7843
33.4493003  12.7738
33.47210146 12.7718
33.49490262 12.7589
33.51770377 12.7437
33.54050493 12.7257
33.56330609 12.7031
33.58610725 12.681
33.60890841 12.6684
33.63170957 12.6463
33.65451073 12.5883
33.67731189 12.5582
33.70011305 12.5177
33.72291421 12.529
33.74571536 12.5269
33.76851652 12.5333
33.79131768 12.5544
33.81411884 12.5532
33.83692    12.5647
33.85972116 12.569
33.88252232 12.5693
33.90532348 12.571
33.92812464 12.5698
33.9509258  12.5787
33.97372696 12.5872
33.99652811 12.5945
34.01932927 12.5961
34.04213043 12.5878
34.06493159 12.5521
34.08773275 12.5308
34.11053391 12.5259
34.13333507 12.5133
34.15613623 12.5051
34.17893739 12.5047
34.20173855 12.4986
34.2245397  12.4977
34.24734086 12.5023
34.27014202 12.5034
34.29294318 12.5027
34.31574434 12.5055
34.3385455  12.496
34.36134666 12.4797
34.38414782 12.4821
34.40694898 12.495
34.42975014 12.5114
34.45255129 12.5217
34.47535245 12.5266
34.49815361 12.5197
34.52095477 12.5189
34.54375593 12.5173
34.56655709 12.5014
34.58935825 12.4901
34.61215941 12.4907
34.63496057 12.5097
34.65776173 12.5226
34.68056289 12.5269
34.70336404 12.5183
34.7261652  12.5013
34.74896636 12.4913
34.77176752 12.4817
34.79456868 12.4811
34.81736984 12.4809
34.840171   12.4781
34.86297216 12.4765
34.88577332 12.4772
34.90857448 12.4729
34.93137563 12.4647
34.95417679 12.4597
34.97697795 12.4569
34.99977911 12.4481
35.02258027 12.4425
35.04538143 12.4471
35.06818259 12.4518
35.09098375 12.4631
35.11378491 12.4699
35.13658607 12.4825
35.15938722 12.4892
35.18218838 12.4896
35.20498954 12.4986
35.2277907  12.5098
35.25059186 12.5099
35.27339302 12.5077
35.29619418 12.5061
35.31899534 12.5072
35.3417965  12.5072
35.36459766 12.505
35.38739882 12.5058
35.41019997 12.5143
35.43300113 12.5344
35.45580229 12.5425
35.47860345 12.5431
35.50140461 12.5496
35.52420577 12.5551
35.54700693 12.5527
35.56980809 12.5616
35.59260925 12.5675
35.61541041 12.5675
35.63821156 12.568
35.66101272 12.5719
35.68381388 12.573
35.70661504 12.582
35.7294162  12.5883
35.75221736 12.5962
35.77501852 12.5974
35.79781968 12.595
35.82062084 12.5874
35.843422   12.575
35.86622315 12.5605
35.88902431 12.5528
35.91182547 12.5458
35.93462663 12.539
35.95742779 12.5387
35.98022895 12.5388
36.00303011 12.5426
36.02583127 12.5451
36.04863243 12.5468
36.07143359 12.5473
36.09423475 12.548
36.1170359  12.5503
36.13983706 12.5518
36.16263822 12.5539
36.18543938 12.5551
36.20824054 12.5562
36.2310417  12.557
36.25384286 12.557
36.27664402 12.5573
36.29944518 12.5592
36.32224634 12.5609
36.34504749 12.5607
36.36784865 12.5531
36.39064981 12.5448
36.41345097 12.5435
36.43625213 12.5404
36.45905329 12.5387
36.48185445 12.5387
36.50465561 12.5438
36.52745677 12.5515
36.55025793 12.5531
36.57305908 12.5563
36.59586024 12.5574
36.6186614  12.5569
36.64146256 12.5591
36.66426372 12.5601
36.68706488 12.5613
36.70986604 12.5622
36.7326672  12.5671
36.75546836 12.5708
36.77826952 12.5732
36.80107067 12.5748
36.82387183 12.5757
36.84667299 12.5797
36.86947415 12.5802
36.89227531 12.5817
36.91507647 12.5832
36.93787763 12.5862
36.96067879 12.5908
36.98347995 12.5911
37.00628111 12.5919
37.02908227 12.5907
37.05188342 12.588
37.07468458 12.5909
37.09748574 12.5916
37.1202869  12.5901
37.14308806 12.5869
37.16588922 12.5812
37.18869038 12.5752
37.21149154 12.5749
37.2342927  12.5734
37.25709386 12.5703
37.27989501 12.5685
37.30269617 12.5684
37.32549733 12.5732
37.34829849 12.5741
37.37109965 12.5753
37.39390081 12.5689
37.41670197 12.5657
37.43950313 12.5659
37.46230429 12.5657
37.48510545 12.567
37.5079066  12.569
37.53070776 12.5733
37.55350892 12.5764
37.57631008 12.5779
37.59911124 12.5835
37.6219124  12.5882
37.64471356 12.5879
37.66751472 12.5963
37.69031588 12.6036
37.71311704 12.6039
37.7359182  12.6057
37.75871935 12.6101
37.78152051 12.6105
37.80432167 12.6114
37.82712283 12.618
37.84992399 12.6188
37.87272515 12.6226
37.89552631 12.6274
37.91832747 12.6273
37.94112863 12.6277
37.96392979 12.6344
37.98673094 12.6398
38.0095321  12.6426
38.03233326 12.6427
38.05513442 12.6453
38.07793558 12.6479
38.10073674 12.6508
38.1235379  12.65
38.14633906 12.6434
38.16914022 12.6347
38.19194138 12.6345
38.21474253 12.634
38.23754369 12.6233
38.26034485 12.6125
38.28314601 12.6093
38.30594717 12.6061
38.32874833 12.6021
38.35154949 12.6059
38.37435065 12.6052
38.39715181 12.6021
38.41995297 12.601
38.44275413 12.5995
38.46555528 12.5961
38.48835644 12.5964
38.5111576  12.5886
38.53395876 12.5758
38.55675992 12.5717
38.57956108 12.5699
38.60236224 12.5704
38.6251634  12.5715
38.64796456 12.5709
38.67076572 12.5712
38.69356687 12.572
38.71636803 12.5726
38.73916919 12.5761
38.76197035 12.5787
38.78477151 12.5809
38.80757267 12.581
38.83037383 12.5799
38.85317499 12.5792
38.87597615 12.5724
38.89877731 12.5729
38.92157846 12.5452
38.94437962 12.5413
38.96718078 12.5396
38.98998194 12.5352
39.0127831  12.5439
39.03558426 12.551
39.05838542 12.5627
39.08118658 12.5717
39.10398774 12.576
39.1267889  12.5926
39.14959006 12.6006
39.17239121 12.6166
39.19519237 12.6129
39.21799353 12.6078
39.24079469 12.612
39.26359585 12.6113
39.28639701 12.6022
39.30919817 12.5929
39.33199933 12.5892
39.35480049 12.5909
39.37760165 12.5882
39.4004028  12.5833
39.42320396 12.5769
39.44600512 12.5724
39.46880628 12.5694
39.49160744 12.5674
39.5144086  12.5624
39.53720976 12.5531
39.56001092 12.5455
39.58281208 12.5441
39.60561324 12.5416
39.62841439 12.5345
39.65121555 12.5362
39.67401671 12.5395
39.69681787 12.5409
39.71961903 12.5424
39.74242019 12.543
39.76522135 12.544
39.78802251 12.5448
39.81082367 12.5447
39.83362483 12.5459
39.85642599 12.546
39.87922714 12.5441
39.9020283  12.5417
39.92482946 12.5422
39.94763062 12.5425
39.97043178 12.5468
39.99323294 12.5512
40.0160341  12.556
40.03883526 12.5615
40.06163642 12.5646
40.08443758 12.5632
40.10723873 12.5379
40.13003989 12.5358
40.15284105 12.5366
40.17564221 12.5327
40.19844337 12.5302
40.22124453 12.5303
40.24404569 12.5299
40.26684685 12.5289
40.28964801 12.5295
40.31244917 12.5293
40.33525032 12.5296
40.35805148 12.535
40.38085264 12.5378
40.4036538  12.5429
40.42645496 12.5438
40.44925612 12.544
40.47205728 12.5446
40.49485844 12.5471
40.5176596  12.5479
40.54046076 12.5495
40.56326191 12.5497
40.58606307 12.548
40.60886423 12.5461
40.63166539 12.5452
40.65446655 12.5466
40.67726771 12.5435
40.70006887 12.5431
40.72287003 12.5423
40.74567119 12.5393
40.76847235 12.5368
40.79127351 12.5313
40.81407466 12.528
40.83687582 12.524
40.85967698 12.5224
40.88247814 12.5298
40.9052793  12.5277
40.92808046 12.5295
40.95088162 12.533
40.97368278 12.5344
40.99648394 12.5345