0 12.7451
0.022801159 12.7455
0.045602318 12.7489
0.068403477 12.754
0.091204636 12.754
0.114005795 12.7519
0.136806954 12.7498
0.159608113 12.7504
0.182409272 12.7501
0.205210431 12.7445
0.22801159 12.7392
0.250812749 12.7362
0.273613908 12.737
0.296415067 12.7353
0.319216226 12.7328
0.342017385 12.7322
0.364818544 12.7319
0.387619704 12.7333
0.410420863 12.7347
0.433222022 12.7383
0.456023181 12.742
0.47882434 12.7447
0.501625499 12.7436
0.524426658 12.7472
0.547227817 12.7408
0.570028976 12.7397
0.592830135 12.7497
0.615631294 12.7485
0.638432453 12.7419
0.661233612 12.7313
0.684034771 12.7362
0.70683593 12.7409
0.729637089 12.7441
0.752438248 12.7523
0.775239407 12.7568
0.798040566 12.7595
0.820841725 12.7578
0.843642884 12.7589
0.866444043 12.7612
0.889245202 12.7724
0.912046361 12.7857
0.93484752 12.7951
0.957648679 12.8003
0.980449838 12.8016
1.003250997 12.7953
1.026052156 12.7921
1.048853315 12.7884
1.071654474 12.7817
1.094455633 12.7814
1.117256792 12.7784
1.140057952 12.7726
1.162859111 12.7753
1.18566027 12.7783
1.208461429 12.7785
1.231262588 12.7791
1.254063747 12.7699
1.276864906 12.7546
1.299666065 12.7561
1.322467224 12.752
1.345268383 12.7535
1.368069542 12.7549
1.390870701 12.7533
1.41367186 12.7602
1.436473019 12.769
1.459274178 12.7722
1.482075337 12.7781
1.504876496 12.7862
1.527677655 12.7886
1.550478814 12.788
1.573279973 12.7921
1.596081132 12.7978
1.618882291 12.8003
1.64168345 12.8011
1.664484609 12.8013
1.687285768 12.8024
1.710086927 12.8064
1.732888086 12.8091
1.755689245 12.8105
1.778490404 12.811
1.801291563 12.8161
1.824092722 12.8213
1.846893881 12.8237
1.86969504 12.8265
1.8924962 12.8276
1.915297359 12.8276
1.938098518 12.8245
1.960899677 12.8209
1.983700836 12.8196
2.006501995 12.8199
2.029303154 12.8171
2.052104313 12.8139
2.074905472 12.8143
2.097706631 12.8131
2.12050779 12.816
2.143308949 12.8153
2.166110108 12.8149
2.188911267 12.8155
2.211712426 12.8148
2.234513585 12.815
2.257314744 12.8163
2.280115903 12.8186
2.302917062 12.8187
2.325718221 12.8198
2.34851938 12.8406
2.371320539 12.8418
2.394121698 12.8354
2.416922857 12.8265
2.439724016 12.8235
2.462525175 12.8236
2.485326334 12.8301
2.508127493 12.8359
2.530928652 12.8412
2.553729811 12.8441
2.57653097 12.8448
2.599332129 12.8446
2.622133288 12.8432
2.644934448 12.8391
2.667735607 12.8367
2.690536766 12.836
2.713337925 12.8321
2.736139084 12.8289
2.758940243 12.8267
2.781741402 12.8221
2.804542561 12.8197
2.82734372 12.8207
2.850144879 12.8332
2.872946038 12.8515
2.895747197 12.8641
2.918548356 12.859
2.941349515 12.85
2.964150674 12.8512
2.986951833 12.8553
3.009752992 12.8558
3.032554151 12.8612
3.05535531 12.8656
3.078156469 12.877
3.100957628 12.8723
3.123758787 12.854
3.146559946 12.8545
3.169361105 12.8565
3.192162264 12.8621
3.214963423 12.8704
3.237764582 12.8686
3.260565741 12.8622
3.2833669 12.8547
3.306168059 12.8527
3.328969218 12.8524
3.351770377 12.8483
3.374571536 12.8484
3.397372696 12.8505
3.420173855 12.8578
3.442975014 12.8673
3.465776173 12.8758
3.488577332 12.8865
3.511378491 12.9001
3.53417965 12.9044
3.556980809 12.9072
3.579781968 12.9054
3.602583127 12.9063
3.625384286 12.9049
3.648185445 12.9001
3.670986604 12.8958
3.693787763 12.8862
3.716588922 12.8818
3.739390081 12.8786
3.76219124 12.8728
3.784992399 12.8723
3.807793558 12.875
3.830594717 12.8719
3.853395876 12.875
3.876197035 12.8779
3.898998194 12.8744
3.921799353 12.8772
3.944600512 12.881
3.967401671 12.8856
3.99020283 12.8841
4.013003989 12.8859
4.035805148 12.8852
4.058606307 12.8852
4.081407466 12.8918
4.104208625 12.8964
4.127009784 12.8972
4.149810944 12.898
4.172612103 12.9004
4.195413262 12.9042
4.218214421 12.9065
4.24101558 12.9107
4.263816739 12.9127
4.286617898 12.9143
4.309419057 12.9227
4.332220216 12.9263
4.355021375 12.9292
4.377822534 12.9307
4.400623693 12.9303
4.423424852 12.9352
4.446226011 12.9377
4.46902717 12.9365
4.491828329 12.9411
4.514629488 12.9523
4.537430647 12.9592
4.560231806 12.9599
4.583032965 12.9678
4.605834124 12.9893
4.628635283 12.9975
4.651436442 12.9994
4.674237601 13.0079
4.69703876 13.0086
4.719839919 13.0114
4.742641078 13.0177
4.765442237 13.019
4.788243396 13.0286
4.811044555 13.0355
4.833845714 13.0426
4.856646873 13.0494
4.879448032 13.0553
4.902249192 13.0623
4.925050351 13.0643
4.94785151 13.0681
4.970652669 13.0754
4.993453828 13.0806
5.016254987 13.0925
5.039056146 13.1104
5.061857305 13.1133
5.084658464 13.1195
5.107459623 13.1309
5.130260782 13.1372
5.153061941 13.1402
5.1758631 13.1462
5.198664259 13.1559
5.221465418 13.1677
5.244266577 13.1687
5.267067736 13.1696
5.289868895 13.1789
5.312670054 13.1936
5.335471213 13.2022
5.358272372 13.2036
5.381073531 13.2152
5.40387469 13.2204
5.426675849 13.2215
5.449477008 13.2332
5.472278167 13.2559
5.495079326 13.2641
5.517880485 13.276
5.540681644 13.2814
5.563482803 13.2832
5.586283962 13.2942
5.609085121 13.3064
5.63188628 13.3107
5.65468744 13.3163
5.677488599 13.3197
5.700289758 13.3223
5.723090917 13.3297
5.745892076 13.3338
5.768693235 13.3386
5.791494394 13.3453
5.814295553 13.3498
5.837096712 13.3559
5.859897871 13.3583
5.88269903 13.3643
5.905500189 13.3725
5.928301348 13.3785
5.951102507 13.3875
5.973903666 13.4011
5.996704825 13.4074
6.019505984 13.4248
6.042307143 13.4359
6.065108302 13.4374
6.087909461 13.4338
6.11071062 13.4341
6.133511779 13.4342
6.156312938 13.434
6.179114097 13.4358
6.201915256 13.442
6.224716415 13.445
6.247517574 13.4602
6.270318733 13.4657
6.293119892 13.4701
6.315921051 13.4789
6.33872221 13.4858
6.361523369 13.4871
6.384324528 13.4883
6.407125688 13.4973
6.429926847 13.4983
6.452728006 13.5028
6.475529165 13.512
6.498330324 13.5168
6.521131483 13.5233
6.543932642 13.5325
6.566733801 13.538
6.58953496 13.5493
6.612336119 13.5619
6.635137278 13.5678
6.657938437 13.5691
6.680739596 13.584
6.703540755 13.5859
6.726341914 13.5874
6.749143073 13.5941
6.771944232 13.6034
6.794745391 13.608
6.81754655 13.6115
6.840347709 13.6124
6.863148868 13.6169
6.885950027 13.6235
6.908751186 13.6227
6.931552345 13.6241
6.954353504 13.6478
6.977154663 13.6508
6.999955822 13.6559
7.022756981 13.6704
7.04555814 13.6874
7.068359299 13.6966
7.091160458 13.6984
7.113961617 13.7069
7.136762776 13.7167
7.159563936 13.7237
7.182365095 13.7321
7.205166254 13.7358
7.227967413 13.7389
7.250768572 13.747
7.273569731 13.7568
7.29637089 13.7611
7.319172049 13.7629
7.341973208 13.7673
7.364774367 13.7749
7.387575526 13.7876
7.410376685 13.7926
7.433177844 13.7954
7.455979003 13.8038
7.478780162 13.8111
7.501581321 13.8135
7.52438248 13.8244
7.547183639 13.8344
7.569984798 13.8354
7.592785957 13.8405
7.615587116 13.8524
7.638388275 13.8617
7.661189434 13.8669
7.683990593 13.8789
7.706791752 13.8863
7.729592911 13.8898
7.75239407 13.8964
7.775195229 13.9053
7.797996388 13.9109
7.820797547 13.9195
7.843598706 13.922
7.866399865 13.9327
7.889201024 13.9442
7.912002184 13.9459
7.934803343 13.9525
7.957604502 13.9656
7.980405661 13.9673
8.00320682 13.9773
8.026007979 13.9825
8.048809138 13.9883
8.071610297 13.9916
8.094411456 13.9927
8.117212615 13.9981
8.140013774 14.0024
8.162814933 14.0095
8.185616092 14.0206
8.208417251 14.0236
8.23121841 14.0261
8.254019569 14.0327
8.276820728 14.0366
8.299621887 14.0412
8.322423046 14.0545
8.345224205 14.0678
8.368025364 14.0751
8.390826523 14.0755
8.413627682 14.0729
8.436428841 14.0773
8.45923 14.0787
8.482031159 14.0888
8.504832318 14.0988
8.527633477 14.1
8.550434636 14.1021
8.573235795 14.1064
8.596036954 14.1066
8.618838113 14.1126
8.641639272 14.1236
8.664440432 14.1277
8.687241591 14.1346
8.71004275 14.1493
8.732843909 14.1549
8.755645068 14.1613
8.778446227 14.1665
8.801247386 14.1707
8.824048545 14.1766
8.846849704 14.1784
8.869650863 14.1931
8.892452022 14.1944
8.915253181 14.1968
8.93805434 14.2046
8.960855499 14.2077
8.983656658 14.2083
9.006457817 14.2132
9.029258976 14.2169
9.052060135 14.2183
9.074861294 14.2267
9.097662453 14.2316
9.120463612 14.233
9.143264771 14.2413
9.16606593 14.2501
9.188867089 14.2557
9.211668248 14.2597
9.234469407 14.2654
9.257270566 14.2665
9.280071725 14.2705
9.302872884 14.2795
9.325674043 14.2811
9.348475202 14.2893
9.371276361 14.2972
9.39407752 14.2977
9.41687868 14.3012
9.439679839 14.3073
9.462480998 14.3104
9.485282157 14.3107
9.508083316 14.3143
9.530884475 14.3154
9.553685634 14.3175
9.576486793 14.3207
9.599287952 14.3217
9.622089111 14.325
9.64489027 14.3315
9.667691429 14.3354
9.690492588 14.3418
9.713293747 14.345
9.736094906 14.3459
9.758896065 14.3479
9.781697224 14.3522
9.804498383 14.3569
9.827299542 14.3608
9.850100701 14.3712
9.87290186 14.3865
9.895703019 14.3874
9.918504178 14.3823
9.941305337 14.3815
9.964106496 14.3832
9.986907655 14.3837
10.00970881 14.3872
10.03250997 14.3886
10.05531113 14.3937
10.07811229 14.4004
10.10091345 14.4045
10.12371461 14.408
10.14651577 14.4092
10.16931693 14.4113
10.19211809 14.4153
10.21491925 14.4134
10.2377204 14.4275
10.26052156 14.4358
10.28332272 14.4436
10.30612388 14.4534
10.32892504 14.4569
10.3517262 14.4602
10.37452736 14.4613
10.39732852 14.4636
10.42012968 14.4705
10.44293084 14.4766
10.46573199 14.4781
10.48853315 14.4782
10.51133431 14.4762
10.53413547 14.4742
10.55693663 14.4729
10.57973779 14.4713
10.60253895 14.4676
10.62534011 14.4693
10.64814127 14.4713
10.67094243 14.479
10.69374359 14.4804
10.71654474 14.501
10.7393459 14.5063
10.76214706 14.5046
10.78494822 14.5132
10.80774938 14.516
10.83055054 14.5173
10.8533517 14.5205
10.87615286 14.5237
10.89895402 14.5254
10.92175518 14.5302
10.94455633 14.533
10.96735749 14.5378
10.99015865 14.5467
11.01295981 14.5499
11.03576097 14.5513
11.05856213 14.561
11.08136329 14.5708
11.10416445 14.5743
11.12696561 14.5744
11.14976677 14.5726
11.17256792 14.5738
11.19536908 14.5727
11.21817024 14.5823
11.2409714 14.5904
11.26377256 14.5911
11.28657372 14.6006
11.30937488 14.6135
11.33217604 14.619
11.3549772 14.6212
11.37777836 14.6281
11.40057952 14.6357
11.42338067 14.6447
11.44618183 14.6465
11.46898299 14.6487
11.49178415 14.6559
11.51458531 14.6602
11.53738647 14.6555
11.56018763 14.6515
11.58298879 14.6514
11.60578995 14.6607
11.62859111 14.6625
11.65139226 14.6612
11.67419342 14.6695
11.69699458 14.674
11.71979574 14.6853
11.7425969 14.6888
11.76539806 14.6902
11.78819922 14.6953
11.81100038 14.6988
11.83380154 14.7006
11.8566027 14.7027
11.87940385 14.7035
11.90220501 14.7049
11.92500617 14.7073
11.94780733 14.7086
11.97060849 14.7067
11.99340965 14.7019
12.01621081 14.6881
12.03901197 14.6749
12.06181313 14.6812
12.08461429 14.6851
12.10741545 14.6935
12.1302166 14.6977
12.15301776 14.7037
12.17581892 14.7176
12.19862008 14.7237
12.22142124 14.7271
12.2442224 14.7273
12.26702356 14.7259
12.28982472 14.7275
12.31262588 14.731
12.33542704 14.7276
12.35822819 14.7278
12.38102935 14.726
12.40383051 14.7307
12.42663167 14.7372
12.44943283 14.7405
12.47223399 14.7399
12.49503515 14.7354
12.51783631 14.7321
12.54063747 14.7359
12.56343863 14.7393
12.58623978 14.7462
12.60904094 14.7501
12.6318421 14.7494
12.65464326 14.7527
12.67744442 14.7498
12.70024558 14.7474
12.72304674 14.7374
12.7458479 14.7332
12.76864906 14.7309
12.79145022 14.7292
12.81425138 14.7279
12.83705253 14.7187
12.85985369 14.7171
12.88265485 14.7399
12.90545601 14.7699
12.92825717 14.7641
12.95105833 14.766
12.97385949 14.7595
12.99666065 14.7516
13.01946181 14.7433
13.04226297 14.7276
13.06506412 14.7226
13.08786528 14.71
13.11066644 14.7113
13.1334676 14.7104
13.15626876 14.7025
13.17906992 14.702
13.20187108 14.7042
13.22467224 14.7062
13.2474734 14.7063
13.27027456 14.7111
13.29307571 14.7124
13.31587687 14.7155
13.33867803 14.7078
13.36147919 14.6985
13.38428035 14.6891
13.40708151 14.6839
13.42988267 14.6843
13.45268383 14.6685
13.47548499 14.6542
13.49828615 14.6538
13.52108731 14.6503
13.54388846 14.6364
13.56668962 14.6361
13.58949078 14.6043
13.61229194 14.5956
13.6350931 14.602
13.65789426 14.6038
13.68069542 14.5952
13.70349658 14.5817
13.72629774 14.5422
13.7490989 14.5281
13.77190005 14.527
13.79470121 14.5205
13.81750237 14.5099
13.84030353 14.5063
13.86310469 14.5048
13.88590585 14.4967
13.90870701 14.489
13.93150817 14.4807
13.95430933 14.4771
13.97711049 14.478
13.99991164 14.4786
14.0227128 14.4838
14.04551396 14.4884
14.06831512 14.4896
14.09111628 14.491
14.11391744 14.4918
14.1367186 14.4919
14.15951976 14.4972
14.18232092 14.5021
14.20512208 14.5023
14.22792323 14.5016
14.25072439 14.4955
14.27352555 14.4919
14.29632671 14.4905
14.31912787 14.49
14.34192903 14.4906
14.36473019 14.4917
14.38753135 14.4931
14.41033251 14.4934
14.43313367 14.492
14.45593483 14.4881
14.47873598 14.4855
14.50153714 14.4846
14.5243383 14.4813
14.54713946 14.4819
14.56994062 14.4807
14.59274178 14.4906
14.61554294 14.4919
14.6383441 14.4831
14.66114526 14.4781
14.68394642 14.4765
14.70674757 14.4745
14.72954873 14.4703
14.75234989 14.4706
14.77515105 14.4752
14.79795221 14.4777
14.82075337 14.4773
14.84355453 14.4767
14.86635569 14.4769
14.88915685 14.476
14.91195801 14.4753
14.93475916 14.4795
14.95756032 14.4764
14.98036148 14.4719
15.00316264 14.4707
15.0259638 14.468
15.04876496 14.4677
15.07156612 14.47
15.09436728 14.4706
15.11716844 14.477
15.1399696 14.4813
15.16277076 14.4782
15.18557191 14.4766
15.20837307 14.4756
15.23117423 14.4745
15.25397539 14.4747
15.27677655 14.4757
15.29957771 14.4704
15.32237887 14.463
15.34518003 14.4565
15.36798119 14.4569
15.39078235 14.4612
15.4135835 14.4632
15.43638466 14.4639
15.45918582 14.4648
15.48198698 14.4649
15.50478814 14.4653
15.5275893 14.4656
15.55039046 14.4658
15.57319162 14.4663
15.59599278 14.4669
15.61879394 14.4675
15.64159509 14.4675
15.66439625 14.4672
15.68719741 14.467
15.70999857 14.4669
15.73279973 14.4666
15.75560089 14.4683
15.77840205 14.4686
15.80120321 14.4682
15.82400437 14.4692
15.84680553 14.4705
15.86960669 14.4704
15.89240784 14.4658
15.915209 14.4621
15.93801016 14.4616
15.96081132 14.4627
15.98361248 14.4636
16.00641364 14.4643
16.0292148 14.4637
16.05201596 14.4641
16.07481712 14.4652
16.09761828 14.4648
16.12041943 14.4608
16.14322059 14.4571
16.16602175 14.4574
16.18882291 14.4567
16.21162407 14.4552
16.23442523 14.4539
16.25722639 14.453
16.28002755 14.4527
16.30282871 14.4524
16.32562987 14.4519
16.34843102 14.4524
16.37123218 14.4555
16.39403334 14.4567
16.4168345 14.4585
16.43963566 14.4563
16.46243682 14.4537
16.48523798 14.4543
16.50803914 14.4542
16.5308403 14.4529
16.55364146 14.452
16.57644262 14.453
16.59924377 14.4549
16.62204493 14.4565
16.64484609 14.4572
16.66764725 14.4642
16.69044841 14.4759
16.71324957 14.4758
16.73605073 14.4758
16.75885189 14.4641
16.78165305 14.4581
16.80445421 14.4575
16.82725536 14.4537
16.85005652 14.4499
16.87285768 14.4486
16.89565884 14.4478
16.91846 14.4489
16.94126116 14.4493
16.96406232 14.4495
16.98686348 14.4504
17.00966464 14.4508
17.0324658 14.4507
17.05526695 14.4509
17.07806811 14.4509
17.10086927 14.4509
17.12367043 14.4503
17.14647159 14.4493
17.16927275 14.4484
17.19207391 14.448
17.21487507 14.4493
17.23767623 14.4513
17.26047739 14.4533
17.28327855 14.4546
17.3060797 14.45
17.32888086 14.4491
17.35168202 14.4484
17.37448318 14.4456
17.39728434 14.4435
17.4200855 14.446
17.44288666 14.4488
17.46568782 14.4468
17.48848898 14.4457
17.51129014 14.4439
17.53409129 14.4399
17.55689245 14.4414
17.57969361 14.441
17.60249477 14.4414
17.62529593 14.4399
17.64809709 14.4371
17.67089825 14.437
17.69369941 14.435
17.71650057 14.4312
17.73930173 14.4285
17.76210288 14.4307
17.78490404 14.4358
17.8077052 14.443
17.83050636 14.4467
17.85330752 14.4486
17.87610868 14.4475
17.89890984 14.4465
17.921711 14.4443
17.94451216 14.4434
17.96731332 14.4432
17.99011447 14.4435
18.01291563 14.4461
18.03571679 14.4475
18.05851795 14.4476
18.08131911 14.4462
18.10412027 14.4446
18.12692143 14.442
18.14972259 14.4395
18.17252375 14.4399
18.19532491 14.4392
18.21812607 14.4198
18.24092722 14.4062
18.26372838 14.4016
18.28652954 14.4036
18.3093307 14.4063
18.33213186 14.414
18.35493302 14.4223
18.37773418 14.4364
18.40053534 14.4434
18.4233365 14.4491
18.44613766 14.4506
18.46893881 14.4506
18.49173997 14.4475
18.51454113 14.4448
18.53734229 14.4438
18.56014345 14.443
18.58294461 14.441
18.60574577 14.4387
18.62854693 14.4373
18.65134809 14.4355
18.67414925 14.4352
18.6969504 14.4411
18.71975156 14.4468
18.74255272 14.4363
18.76535388 14.4305
18.78815504 14.4288
18.8109562 14.425
18.83375736 14.4247
18.85655852 14.4178
18.87935968 14.4145
18.90216084 14.4181
18.924962 14.4212
18.94776315 14.421
18.97056431 14.4212
18.99336547 14.409
19.01616663 14.4038
19.03896779 14.4031
19.06176895 14.4002
19.08457011 14.3923
19.10737127 14.3918
19.13017243 14.3929
19.15297359 14.3926
19.17577474 14.3918
19.1985759 14.389
19.22137706 14.388
19.24417822 14.3849
19.26697938 14.383
19.28978054 14.3822
19.3125817 14.3877
19.33538286 14.3864
19.35818402 14.3864
19.38098518 14.384
19.40378633 14.3821
19.42658749 14.3861
19.44938865 14.3849
19.47218981 14.3847
19.49499097 14.3861
19.51779213 14.3862
19.54059329 14.3866
19.56339445 14.388
19.58619561 14.3947
19.60899677 14.3999
19.63179793 14.3945
19.65459908 14.3878
19.67740024 14.3794
19.7002014 14.3739
19.72300256 14.3703
19.74580372 14.3688
19.76860488 14.3663
19.79140604 14.3607
19.8142072 14.3584
19.83700836 14.3553
19.85980952 14.3504
19.88261067 14.3573
19.90541183 14.3618
19.92821299 14.3775
19.95101415 14.3813
19.97381531 14.382
19.99661647 14.3814
20.01941763 14.385
20.04221879 14.3811
20.06501995 14.3785
20.08782111 14.3763
20.11062226 14.3718
20.13342342 14.3719
20.15622458 14.3736
20.17902574 14.3688
20.2018269 14.3656
20.22462806 14.3607
20.24742922 14.3487
20.27023038 14.3402
20.29303154 14.3423
20.3158327 14.3416
20.33863386 14.337
20.36143501 14.3352
20.38423617 14.3347
20.40703733 14.3325
20.42983849 14.33
20.45263965 14.3217
20.47544081 14.3207
20.49824197 14.3238
20.52104313 14.3367
20.54384429 14.3383
20.56664545 14.3406
20.5894466 14.3394
20.61224776 14.3423
20.63504892 14.3447
20.65785008 14.3417
20.68065124 14.3387
20.7034524 14.3391
20.72625356 14.3478
20.74905472 14.3706
20.77185588 14.3753
20.79465704 14.3778
20.81745819 14.3782
20.84025935 14.3799
20.86306051 14.3762
20.88586167 14.3691
20.90866283 14.3657
20.93146399 14.3649
20.95426515 14.3566
20.97706631 14.3523
20.99986747 14.3511
21.02266863 14.3501
21.04546979 14.3503
21.06827094 14.35
21.0910721 14.3413
21.11387326 14.3352
21.13667442 14.3331
21.15947558 14.3381
21.18227674 14.3425
21.2050779 14.3429
21.22787906 14.3467
21.25068022 14.3515
21.27348138 14.3545
21.29628253 14.3546
21.31908369 14.3585
21.34188485 14.3606
21.36468601 14.361
21.38748717 14.3614
21.41028833 14.3643
21.43308949 14.3655
21.45589065 14.3679
21.47869181 14.3702
21.50149297 14.3723
21.52429412 14.3706
21.54709528 14.3622
21.56989644 14.3597
21.5926976 14.3591
21.61549876 14.3571
21.63829992 14.3535
21.66110108 14.3498
21.68390224 14.3461
21.7067034 14.3444
21.72950456 14.3392
21.75230571 14.3417
21.77510687 14.3446
21.79790803 14.3509
21.82070919 14.3543
21.84351035 14.3574
21.86631151 14.3611
21.88911267 14.3618
21.91191383 14.3515
21.93471499 14.3507
21.95751615 14.3441
21.98031731 14.3364
22.00311846 14.3252
22.02591962 14.3437
22.04872078 14.3801
22.07152194 14.4032
22.0943231 14.4085
22.11712426 14.4032
22.13992542 14.3956
22.16272658 14.3761
22.18552774 14.3634
22.2083289 14.3812
22.23113005 14.3916
22.25393121 14.3951
22.27673237 14.4124
22.29953353 14.4257
22.32233469 14.4418
22.34513585 14.4468
22.36793701 14.4632
22.39073817 14.5015
22.41353933 14.526
22.43634049 14.5607
22.45914164 14.6314
22.4819428 14.6585
22.50474396 14.6605
22.52754512 14.6625
22.55034628 14.6896
22.57314744 14.6988
22.5959486 14.6999
22.61874976 14.6904
22.64155092 14.6655
22.66435208 14.6689
22.68715324 14.6627
22.70995439 14.6501
22.73275555 14.6452
22.75555671 14.6456
22.77835787 14.6444
22.80115903 14.6443
22.82396019 14.6618
22.84676135 14.6731
22.86956251 14.6665
22.89236367 14.6956
22.91516483 14.6885
22.93796598 14.6782
22.96076714 14.6746
22.9835683 14.6683
23.00636946 14.6631
23.02917062 14.6628
23.05197178 14.6621
23.07477294 14.6625
23.0975741 14.6661
23.12037526 14.6658
23.14317642 14.6728
23.16597757 14.6729
23.18877873 14.6457
23.21157989 14.6074
23.23438105 14.6
23.25718221 14.5842
23.27998337 14.5801
23.30278453 14.5789
23.32558569 14.5773
23.34838685 14.5745
23.37118801 14.5715
23.39398917 14.5706
23.41679032 14.5675
23.43959148 14.5607
23.46239264 14.5572
23.4851938 14.5553
23.50799496 14.5488
23.53079612 14.546
23.55359728 14.5432
23.57639844 14.5425
23.5991996 14.5369
23.62200076 14.5293
23.64480191 14.5267
23.66760307 14.5219
23.69040423 14.5204
23.71320539 14.5169
23.73600655 14.5082
23.75880771 14.4927
23.78160887 14.4892
23.80441003 14.4833
23.82721119 14.4719
23.85001235 14.4704
23.8728135 14.4644
23.89561466 14.4495
23.91841582 14.4326
23.94121698 14.4253
23.96401814 14.4218
23.9868193 14.407
24.00962046 14.3968
24.03242162 14.3958
24.05522278 14.3879
24.07802394 14.3732
24.1008251 14.3677
24.12362625 14.3564
24.14642741 14.3499
24.16922857 14.3414
24.19202973 14.3327
24.21483089 14.3298
24.23763205 14.3281
24.26043321 14.3227
24.28323437 14.3181
24.30603553 14.3168
24.32883669 14.3043
24.35163784 14.2794
24.374439 14.2664
24.39724016 14.2513
24.42004132 14.2409
24.44284248 14.2392
24.46564364 14.2266
24.4884448 14.2139
24.51124596 14.2003
24.53404712 14.1864
24.55684828 14.1744
24.57964943 14.1563
24.60245059 14.1556
24.62525175 14.1531
24.64805291 14.1511
24.67085407 14.1515
24.69365523 14.1509
24.71645639 14.1494
24.73925755 14.1503
24.76205871 14.1501
24.78485987 14.1485
24.80766103 14.1481
24.83046218 14.1461
24.85326334 14.1392
24.8760645 14.1369
24.89886566 14.139
24.92166682 14.1449
24.94446798 14.1493
24.96726914 14.1472
24.9900703 14.146
25.01287146 14.129
25.03567262 14.1151
25.05847377 14.106
25.08127493 14.1199
25.10407609 14.1154
25.12687725 14.1115
25.14967841 14.0989
25.17247957 14.086
25.19528073 14.0666
25.21808189 14.0558
25.24088305 14.0446
25.26368421 14.0375
25.28648536 14.0313
25.30928652 14.026
25.33208768 14.0237
25.35488884 14.0188
25.37769 14.0112
25.40049116 14.0092
25.42329232 14.0047
25.44609348 13.9943
25.46889464 13.9835
25.4916958 13.95
25.51449695 13.9379
25.53729811 13.9378
25.56009927 13.9421
25.58290043 13.9415
25.60570159 13.9484
25.62850275 13.9562
25.65130391 13.9456
25.67410507 13.9162
25.69690623 13.8904
25.71970739 13.8651
25.74250855 13.8593
25.7653097 13.8579
25.78811086 13.8555
25.81091202 13.8584
25.83371318 13.8629
25.85651434 13.8719
25.8793155 13.8792
25.90211666 13.8787
25.92491782 13.8575
25.94771898 13.8093
25.97052014 13.799
25.99332129 13.7969
26.01612245 13.7917
26.03892361 13.7934
26.06172477 13.7932
26.08452593 13.7881
26.10732709 13.7772
26.13012825 13.7742
26.15292941 13.7689
26.17573057 13.7586
26.19853173 13.7552
26.22133288 13.748
26.24413404 13.7424
26.2669352 13.7325
26.28973636 13.7232
26.31253752 13.7223
26.33533868 13.7203
26.35813984 13.7199
26.380941 13.7195
26.40374216 13.7175
26.42654332 13.7182
26.44934448 13.7187
26.47214563 13.715
26.49494679 13.715
26.51774795 13.7172
26.54054911 13.719
26.56335027 13.7263
26.58615143 13.7257
26.60895259 13.7069
26.63175375 13.6972
26.65455491 13.6749
26.67735607 13.6641
26.70015722 13.6775
26.72295838 13.6778
26.74575954 13.6596
26.7685607 13.6744
26.79136186 13.6878
26.81416302 13.7179
26.83696418 13.7751
26.85976534 13.6938
26.8825665 13.6197
26.90536766 13.618
26.92816881 13.6117
26.95096997 13.5922
26.97377113 13.5903
26.99657229 13.5753
27.01937345 13.5726
27.04217461 13.575
27.06497577 13.5629
27.08777693 13.5663
27.11057809 13.6696
27.13337925 13.7145
27.15618041 13.7357
27.17898156 13.6775
27.20178272 13.6344
27.22458388 13.6031
27.24738504 13.5618
27.2701862 13.5723
27.29298736 13.5548
27.31578852 13.5116
27.33858968 13.5151
27.36139084 13.4898
27.384192 13.474
27.40699315 13.4744
27.42979431 13.4632
27.45259547 13.4366
27.47539663 13.4265
27.49819779 13.4253
27.52099895 13.4212
27.54380011 13.408
27.56660127 13.4078
27.58940243 13.3929
27.61220359 13.3803
27.63500474 13.3784
27.6578059 13.3721
27.68060706 13.3653
27.70340822 13.361
27.72620938 13.3578
27.74901054 13.3562
27.7718117 13.3543
27.79461286 13.3469
27.81741402 13.3383
27.84021518 13.3337
27.86301634 13.3252
27.88581749 13.3219
27.90861865 13.3225
27.93141981 13.3259
27.95422097 13.3166
27.97702213 13.2969
27.99982329 13.2846
28.02262445 13.2796
28.04542561 13.277
28.06822677 13.2733
28.09102793 13.2671
28.11382908 13.2569
28.13663024 13.2505
28.1594314 13.2408
28.18223256 13.2341
28.20503372 13.2322
28.22783488 13.2266
28.25063604 13.211
28.2734372 13.2052
28.29623836 13.1899
28.31903952 13.1865
28.34184067 13.1785
28.36464183 13.1705
28.38744299 13.1653
28.41024415 13.16
28.43304531 13.1542
28.45584647 13.1443
28.47864763 13.1387
28.50144879 13.1382
28.52424995 13.1352
28.54705111 13.1221
28.56985227 13.1139
28.59265342 13.1133
28.61545458 13.1114
28.63825574 13.1059
28.6610569 13.1024
28.68385806 13.1032
28.70665922 13.1062
28.72946038 13.1113
28.75226154 13.113
28.7750627 13.1156
28.79786386 13.1189
28.82066501 13.1179
28.84346617 13.1132
28.86626733 13.104
28.88906849 13.0959
28.91186965 13.0931
28.93467081 13.0815
28.95747197 13.0641
28.98027313 13.0667
29.00307429 13.0795
29.02587545 13.0767
29.0486766 13.0558
29.07147776 13.0559
29.09427892 12.9995
29.11708008 12.9677
29.13988124 12.9701
29.1626824 12.9984
29.18548356 12.987
29.20828472 12.9585
29.23108588 12.9576
29.25388704 12.9836
29.27668819 12.9979
29.29948935 12.9996
29.32229051 12.9919
29.34509167 12.9866
29.36789283 12.9841
29.39069399 12.9798
29.41349515 12.98
29.43629631 12.9761
29.45909747 12.9593
29.48189863 12.9366
29.50469979 12.9411
29.52750094 12.9304
29.5503021 12.9276
29.57310326 12.9407
29.59590442 12.933
29.61870558 12.9333
29.64150674 12.9355
29.6643079 12.9228
29.68710906 12.9067
29.70991022 12.902
29.73271138 12.8888
29.75551253 12.8675
29.77831369 12.866
29.80111485 12.868
29.82391601 12.8675
29.84671717 12.8677
29.86951833 12.8675
29.89231949 12.8569
29.91512065 12.8488
29.93792181 12.8422
29.96072297 12.8568
29.98352412 12.8925
30.00632528 12.879
30.02912644 12.8892
30.0519276 12.8868
30.07472876 12.8513
30.09752992 12.8789
30.12033108 12.9372
30.14313224 12.9652
30.1659334 12.9203
30.18873456 12.8931
30.21153572 12.8835
30.23433687 12.8599
30.25713803 12.8479
30.27993919 12.8393
30.30274035 12.8338
30.32554151 12.8308
30.34834267 12.8132
30.37114383 12.8094
30.39394499 12.8053
30.41674615 12.7843
30.43954731 12.7738
30.46234846 12.7718
30.48514962 12.7589
30.50795078 12.7437
30.53075194 12.7257
30.5535531 12.7031
30.57635426 12.681
30.59915542 12.6684
30.62195658 12.6463
30.64475774 12.5883
30.6675589 12.5582
30.69036005 12.5177
30.71316121 12.529
30.73596237 12.5269
30.75876353 12.5333
30.78156469 12.5544
30.80436585 12.5532
30.82716701 12.5647
30.84996817 12.569
30.87276933 12.5693
30.89557049 12.571
30.91837165 12.5698
30.9411728 12.5787
30.96397396 12.5872
30.98677512 12.5945
31.00957628 12.5961
31.03237744 12.5878
31.0551786 12.5521
31.07797976 12.5308
31.10078092 12.5259
31.12358208 12.5133
31.14638324 12.5051
31.16918439 12.5047
31.19198555 12.4986
31.21478671 12.4977
31.23758787 12.5023
31.26038903 12.5034
31.28319019 12.5027
31.30599135 12.5055
31.32879251 12.496
31.35159367 12.4797
31.37439483 12.4821
31.39719598 12.495
31.41999714 12.5114
31.4427983 12.5217
31.46559946 12.5266
31.48840062 12.5197
31.51120178 12.5189
31.53400294 12.5173
31.5568041 12.5014
31.57960526 12.4901
31.60240642 12.4907
31.62520758 12.5097
31.64800873 12.5226
31.67080989 12.5269
31.69361105 12.5183
31.71641221 12.5013
31.73921337 12.4913
31.76201453 12.4817
31.78481569 12.4811
31.80761685 12.4809
31.83041801 12.4781
31.85321917 12.4765
31.87602032 12.4772
31.89882148 12.4729
31.92162264 12.4647
31.9444238 12.4597
31.96722496 12.4569
31.99002612 12.4481
32.01282728 12.4425
32.03562844 12.4471
32.0584296 12.4518
32.08123076 12.4631
32.10403191 12.4699
32.12683307 12.4825
32.14963423 12.4892
32.17243539 12.4896
32.19523655 12.4986
32.21803771 12.5098
32.24083887 12.5099
32.26364003 12.5077
32.28644119 12.5061
32.30924235 12.5072
32.33204351 12.5072
32.35484466 12.505
32.37764582 12.5058
32.40044698 12.5143
32.42324814 12.5344
32.4460493 12.5425
32.46885046 12.5431
32.49165162 12.5496
32.51445278 12.5551
32.53725394 12.5527
32.5600551 12.5616
32.58285625 12.5675
32.60565741 12.5675
32.62845857 12.568
32.65125973 12.5719
32.67406089 12.573
32.69686205 12.582
32.71966321 12.5883
32.74246437 12.5962
32.76526553 12.5974
32.78806669 12.595
32.81086784 12.5874
32.833669 12.575
32.85647016 12.5605
32.87927132 12.5528
32.90207248 12.5458
32.92487364 12.539
32.9476748 12.5387
32.97047596 12.5388
32.99327712 12.5426
33.01607828 12.5451
33.03887943 12.5468
33.06168059 12.5473
33.08448175 12.548
33.10728291 12.5503
33.13008407 12.5518
33.15288523 12.5539
33.17568639 12.5551
33.19848755 12.5562
33.22128871 12.557
33.24408987 12.557
33.26689103 12.5573
33.28969218 12.5592
33.31249334 12.5609
33.3352945 12.5607
33.35809566 12.5531
33.38089682 12.5448
33.40369798 12.5435
33.42649914 12.5404
33.4493003 12.5387
33.47210146 12.5387
33.49490262 12.5438
33.51770377 12.5515
33.54050493 12.5531
33.56330609 12.5563
33.58610725 12.5574
33.60890841 12.5569
33.63170957 12.5591
33.65451073 12.5601
33.67731189 12.5613
33.70011305 12.5622
33.72291421 12.5671
33.74571536 12.5708
33.76851652 12.5732
33.79131768 12.5748
33.81411884 12.5757
33.83692 12.5797
33.85972116 12.5802
33.88252232 12.5817
33.90532348 12.5832
33.92812464 12.5862
33.9509258 12.5908
33.97372696 12.5911
33.99652811 12.5919
34.01932927 12.5907
34.04213043 12.588
34.06493159 12.5909
34.08773275 12.5916
34.11053391 12.5901
34.13333507 12.5869
34.15613623 12.5812
34.17893739 12.5752
34.20173855 12.5749
34.2245397 12.5734
34.24734086 12.5703
34.27014202 12.5685
34.29294318 12.5684
34.31574434 12.5732
34.3385455 12.5741
34.36134666 12.5753
34.38414782 12.5689
34.40694898 12.5657
34.42975014 12.5659
34.45255129 12.5657
34.47535245 12.567
34.49815361 12.569
34.52095477 12.5733
34.54375593 12.5764
34.56655709 12.5779
34.58935825 12.5835
34.61215941 12.5882
34.63496057 12.5879
34.65776173 12.5963
34.68056289 12.6036
34.70336404 12.6039
34.7261652 12.6057
34.74896636 12.6101
34.77176752 12.6105
34.79456868 12.6114
34.81736984 12.618
34.840171 12.6188
34.86297216 12.6226
34.88577332 12.6274
34.90857448 12.6273
34.93137563 12.6277
34.95417679 12.6344
34.97697795 12.6398
34.99977911 12.6426
35.02258027 12.6427
35.04538143 12.6453
35.06818259 12.6479
35.09098375 12.6508
35.11378491 12.65
35.13658607 12.6434
35.15938722 12.6347
35.18218838 12.6345
35.20498954 12.634
35.2277907 12.6233
35.25059186 12.6125
35.27339302 12.6093
35.29619418 12.6061
35.31899534 12.6021
35.3417965 12.6059
35.36459766 12.6052
35.38739882 12.6021
35.41019997 12.601
35.43300113 12.5995
35.45580229 12.5961
35.47860345 12.5964
35.50140461 12.5886
35.52420577 12.5758
35.54700693 12.5717
35.56980809 12.5699
35.59260925 12.5704
35.61541041 12.5715
35.63821156 12.5709
35.66101272 12.5712
35.68381388 12.572
35.70661504 12.5726
35.7294162 12.5761
35.75221736 12.5787
35.77501852 12.5809
35.79781968 12.581
35.82062084 12.5799
35.843422 12.5792
35.86622315 12.5724
35.88902431 12.5729
35.91182547 12.5452
35.93462663 12.5413
35.95742779 12.5396
35.98022895 12.5352
36.00303011 12.5439
36.02583127 12.551
36.04863243 12.5627
36.07143359 12.5717
36.09423475 12.576
36.1170359 12.5926
36.13983706 12.6006
36.16263822 12.6166
36.18543938 12.6129
36.20824054 12.6078
36.2310417 12.612
36.25384286 12.6113
36.27664402 12.6022
36.29944518 12.5929
36.32224634 12.5892
36.34504749 12.5909
36.36784865 12.5882
36.39064981 12.5833
36.41345097 12.5769
36.43625213 12.5724
36.45905329 12.5694
36.48185445 12.5674
36.50465561 12.5624
36.52745677 12.5531
36.55025793 12.5455
36.57305908 12.5441
36.59586024 12.5416
36.6186614 12.5345
36.64146256 12.5362
36.66426372 12.5395
36.68706488 12.5409
36.70986604 12.5424
36.7326672 12.543
36.75546836 12.544
36.77826952 12.5448
36.80107067 12.5447
36.82387183 12.5459
36.84667299 12.546
36.86947415 12.5441
36.89227531 12.5417
36.91507647 12.5422
36.93787763 12.5425
36.96067879 12.5468
36.98347995 12.5512
37.00628111 12.556
37.02908227 12.5615
37.05188342 12.5646
37.07468458 12.5632
37.09748574 12.5379
37.1202869 12.5358
37.14308806 12.5366
37.16588922 12.5327
37.18869038 12.5302
37.21149154 12.5303
37.2342927 12.5299
37.25709386 12.5289
37.27989501 12.5295
37.30269617 12.5293
37.32549733 12.5296
37.34829849 12.535
37.37109965 12.5378
37.39390081 12.5429
37.41670197 12.5438
37.43950313 12.544
37.46230429 12.5446
37.48510545 12.5471
37.5079066 12.5479
37.53070776 12.5495
37.55350892 12.5497
37.57631008 12.548
37.59911124 12.5461
37.6219124 12.5452
37.64471356 12.5466
37.66751472 12.5435
37.69031588 12.5431
37.71311704 12.5423
37.7359182 12.5393
37.75871935 12.5368
37.78152051 12.5313
37.80432167 12.528
37.82712283 12.524
37.84992399 12.5224
37.87272515 12.5298
37.89552631 12.5277
37.91832747 12.5295
37.94112863 12.533
37.96392979 12.5344
37.98673094 12.5345
38.0095321 12.5356
38.03233326 12.5363
38.05513442 12.5357
38.07793558 12.5366
38.10073674 12.537
38.1235379 12.5368
38.14633906 12.5352
38.16914022 12.5289
38.19194138 12.5159
38.21474253 12.5034
38.23754369 12.4913
38.26034485 12.4915
38.28314601 12.5049
38.30594717 12.508
38.32874833 12.5142
38.35154949 12.5192
38.37435065 12.5208
38.39715181 12.5305
38.41995297 12.5332
38.44275413 12.5317
38.46555528 12.53
38.48835644 12.5295
38.5111576 12.5261
38.53395876 12.52
38.55675992 12.5165
38.57956108 12.5125
38.60236224 12.5107
38.6251634 12.5049
38.64796456 12.4866
38.67076572 12.4867
38.69356687 12.4832
38.71636803 12.4983
38.73916919 12.5069
38.76197035 12.509
38.78477151 12.5115
38.80757267 12.5156
38.83037383 12.5157
38.85317499 12.516
38.87597615 12.5183
38.89877731 12.5191
38.92157846 12.521
38.94437962 12.5246
38.96718078 12.5317
38.98998194 12.5403
39.0127831 12.5469
39.03558426 12.5522
39.05838542 12.5558
39.08118658 12.5562
39.10398774 12.5582
39.1267889 12.5588
39.14959006 12.5609
39.17239121 12.5615
39.19519237 12.5624
39.21799353 12.5661
39.24079469 12.5693
39.26359585 12.5746
39.28639701 12.5757
39.30919817 12.5759
39.33199933 12.5755
39.35480049 12.5792
39.37760165 12.5808
39.4004028 12.5872
39.42320396 12.593
39.44600512 12.6029
39.46880628 12.606
39.49160744 12.6166
39.5144086 12.6209
39.53720976 12.621
39.56001092 12.6212
39.58281208 12.6255
39.60561324 12.629
39.62841439 12.6334
39.65121555 12.6344
39.67401671 12.6509
39.69681787 12.6795
39.71961903 12.6799
39.74242019 12.6605
39.76522135 12.6052
39.78802251 12.5477
39.81082367 12.5449
39.83362483 12.5383
39.85642599 12.54
39.87922714 12.5401
39.9020283 12.54
39.92482946 12.5383
39.94763062 12.5389
39.97043178 12.5352
39.99323294 12.5408
40.0160341 12.5461
