0.0	12.4368
0.0221301356012	12.4319
0.0442602712024	12.4431
0.0663904068037	12.4406
0.0885205424049	12.4406
0.110650678006	12.4286
0.132780813607	12.4105
0.154910949209	12.4051
0.17704108481	12.401
0.199171220411	12.3589
0.221301356012	12.357
0.243431491613	12.3816
0.265561627215	12.42
0.287691762816	12.463
0.309821898417	12.4619
0.331952034018	12.454
0.35408216962	12.4445
0.376212305221	12.4409
0.398342440822	12.4248
0.420472576423	12.4165
0.442602712024	12.416
0.464732847626	12.4122
0.486862983227	12.4085
0.508993118828	12.4121
0.531123254429	12.4098
0.553253390031	12.4013
0.575383525632	12.3904
0.597513661233	12.3835
0.619643796834	12.3826
0.641773932435	12.3828
0.663904068037	12.383
0.686034203638	12.3898
0.708164339239	12.3964
0.73029447484	12.394
0.752424610441	12.4006
0.774554746043	12.4109
0.796684881644	12.4144
0.818815017245	12.4198
0.840945152846	12.4241
0.863075288448	12.4349
0.885205424049	12.4355
0.90733555965	12.4308
0.929465695251	12.4197
0.951595830852	12.4103
0.973725966454	12.3961
0.995856102055	12.3829
1.01798623766	12.3779
1.04011637326	12.3685
1.06224650886	12.3622
1.08437664446	12.3645
1.10650678006	12.3618
1.12863691566	12.3617
1.15076705126	12.3584
1.17289718686	12.3576
1.19502732247	12.3593
1.21715745807	12.3602
1.23928759367	12.36
1.26141772927	12.3593
1.28354786487	12.3563
1.30567800047	12.3583
1.32780813607	12.3501
1.34993827167	12.3422
1.37206840728	12.3427
1.39419854288	12.3447
1.41632867848	12.3409
1.43845881408	12.3365
1.46058894968	12.3365
1.48271908528	12.3418
1.50484922088	12.3555
1.52697935648	12.3675
1.54910949209	12.3591
1.57123962769	12.3182
1.59336976329	12.3142
1.61549989889	12.3351
1.63763003449	12.3544
1.65976017009	12.3604
1.68189030569	12.36
1.70402044129	12.3468
1.7261505769	12.3245
1.7482807125	12.3203
1.7704108481	12.3115
1.7925409837	12.3173
1.8146711193	12.3219
1.8368012549	12.3216
1.8589313905	12.328
1.8810615261	12.3277
1.9031916617	12.3281
1.92532179731	12.328
1.94745193291	12.3246
1.96958206851	12.3226
1.99171220411	12.3251
2.01384233971	12.3247
2.03597247531	12.3225
2.05810261091	12.3184
2.08023274651	12.309
2.10236288212	12.3052
2.12449301772	12.3051
2.14662315332	12.3057
2.16875328892	12.3055
2.19088342452	12.3102
2.21301356012	12.3165
2.23514369572	12.332
2.25727383132	12.3448
2.27940396693	12.344
2.30153410253	12.3465
2.32366423813	12.3248
2.34579437373	12.3203
2.36792450933	12.2935
2.39005464493	12.2938
2.41218478053	12.3124
2.43431491613	12.3447
2.45644505174	12.3587
2.47857518734	12.3587
2.50070532294	12.3498
2.52283545854	12.3431
2.54496559414	12.3377
2.56709572974	12.3305
2.58922586534	12.3207
2.61135600094	12.3281
2.63348613655	12.3377
2.65561627215	12.3382
2.67774640775	12.3678
2.69987654335	12.3513
2.72200667895	12.3648
2.74413681455	12.389
2.76626695015	12.3987
2.78839708575	12.4313
2.81052722135	12.4353
2.83265735696	12.4486
2.85478749256	12.4466
2.87691762816	12.4171
2.89904776376	12.4711
2.92117789936	12.5226
2.94330803496	12.4933
2.96543817056	12.4802
2.98756830616	12.4711
3.00969844177	12.4816
3.03182857737	12.4987
3.05395871297	12.4818
3.07608884857	12.4802
3.09821898417	12.4887
3.12034911977	12.4635
3.14247925537	12.4691
3.16460939097	12.4593
3.18673952658	12.5144
3.20886966218	12.5538
3.23099979778	12.5532
3.25312993338	12.5296
3.27526006898	12.5027
3.29739020458	12.4778
3.31952034018	12.4455
3.34165047578	12.4181
3.36378061139	12.404
3.38591074699	12.4033
3.40804088259	12.4121
3.43017101819	12.4206
3.45230115379	12.4361
3.47443128939	12.4142
3.49656142499	12.3738
3.51869156059	12.3573
3.5408216962	12.3474
3.5629518318	12.3389
3.5850819674	12.3366
3.607212103	12.3311
3.6293422386	12.3279
3.6514723742	12.3281
3.6736025098	12.3274
3.6957326454	12.3222
3.717862781	12.3145
3.73999291661	12.3134
3.76212305221	12.3111
3.78425318781	12.3104
3.80638332341	12.3103
3.82851345901	12.3099
3.85064359461	12.3099
3.87277373021	12.31
3.89490386581	12.3088
3.91703400142	12.3012
3.93916413702	12.2921
3.96129427262	12.2873
3.98342440822	12.284
4.00555454382	12.2863
4.02768467942	12.288
4.04981481502	12.2893
4.07194495062	12.2892
4.09407508623	12.2945
4.11620522183	12.3076
4.13833535743	12.3285
4.16046549303	12.3452
4.18259562863	12.3547
4.20472576423	12.3564
4.22685589983	12.3748
4.24898603543	12.3887
4.27111617104	12.3949
4.29324630664	12.3759
4.31537644224	12.3504
4.33750657784	12.3396
4.35963671344	12.3308
4.38176684904	12.3281
4.40389698464	12.3147
4.42602712024	12.3011
4.44815725585	12.2913
4.47028739145	12.2908
4.49241752705	12.2964
4.51454766265	12.3115
4.53667779825	12.3244
4.55880793385	12.33
4.58093806945	12.3312
4.60306820505	12.3302
4.62519834066	12.334
4.64732847626	12.3396
4.66945861186	12.3519
4.69158874746	12.3673
4.71371888306	12.3798
4.73584901866	12.3936
4.75797915426	12.393
4.78010928986	12.3977
4.80223942546	12.4041
4.82436956107	12.4035
4.84649969667	12.4021
4.86862983227	12.3885
4.89075996787	12.3604
4.91289010347	12.3469
4.93502023907	12.3258
4.95715037467	12.3247
4.97928051027	12.3198
5.00141064588	12.3138
5.02354078148	12.3161
5.04567091708	12.3209
5.06780105268	12.3265
5.08993118828	12.3365
5.11206132388	12.3443
5.13419145948	12.3463
5.15632159508	12.3382
5.17845173069	12.3335
5.20058186629	12.3377
5.22271200189	12.3357
5.24484213749	12.3415
5.26697227309	12.3254
5.28910240869	12.3192
5.31123254429	12.3222
5.33336267989	12.3157
5.3554928155	12.3163
5.3776229511	12.3138
5.3997530867	12.3008
5.4218832223	12.2906
5.4440133579	12.2976
5.4661434935	12.2996
5.4882736291	12.2994
5.5104037647	12.2991
5.53253390031	12.2992
5.55466403591	12.293
5.57679417151	12.284
5.59892430711	12.275
5.62105444271	12.2485
5.64318457831	12.2042
5.66531471391	12.1658
5.68744484951	12.122
5.70957498511	12.1508
5.73170512072	12.2816
5.75383525632	12.2069
5.77596539192	12.1672
5.79809552752	12.1097
5.82022566312	12.1289
5.84235579872	12.1511
5.86448593432	12.1592
5.88661606992	12.1603
5.90874620553	12.1599
5.93087634113	12.1534
5.95300647673	12.1524
5.97513661233	12.145
5.99726674793	12.1382
6.01939688353	12.1298
6.04152701913	12.1237
6.06365715473	12.1215
6.08578729034	12.0876
6.10791742594	12.0626
6.13004756154	12.0726
6.15217769714	12.0477
6.17430783274	12.0381
6.19643796834	12.0355
6.21856810394	12.0427
6.24069823954	12.0595
6.26282837515	12.0831
6.28495851075	12.0941
6.30708864635	12.0819
6.32921878195	12.0822
6.35134891755	12.0851
6.37347905315	12.0837
6.39560918875	12.0764
6.41773932435	12.0667
6.43986945996	12.0328
6.46199959556	12.0309
6.48412973116	12.0362
6.50625986676	12.0428
6.52839000236	12.0539
6.55052013796	12.0606
6.57265027356	12.0635
6.59478040916	12.0639
6.61691054476	12.0581
6.63904068037	12.0576
6.66117081597	12.0552
6.68330095157	12.0548
6.70543108717	12.0542
6.72756122277	12.0503
6.74969135837	12.0465
6.77182149397	12.0452
6.79395162957	12.0451
6.81608176518	12.0451
6.83821190078	12.0467
6.86034203638	12.0483
6.88247217198	12.0498
6.90460230758	12.0513
6.92673244318	12.0509
6.94886257878	12.0552
6.97099271438	12.0633
6.99312284999	12.0695
7.01525298559	12.0734
7.03738312119	12.078
7.05951325679	12.0751
7.08164339239	12.0729
7.10377352799	12.0678
7.12590366359	12.066
7.14803379919	12.0687
7.1701639348	12.0686
7.1922940704	12.08
7.214424206	12.0817
7.2365543416	12.0766
7.2586844772	12.0815
7.2808146128	12.0791
7.3029447484	12.0765
7.325074884	12.0712
7.34720501961	12.0702
7.36933515521	12.0696
7.39146529081	12.0673
7.41359542641	12.064
7.43572556201	12.0714
7.45785569761	12.0784
7.47998583321	12.0992
7.50211596881	12.1179
7.52424610441	12.1412
7.54637624002	12.1618
7.56850637562	12.1909
7.59063651122	12.2128
7.61276664682	12.2318
7.63489678242	12.2397
7.65702691802	12.239
7.67915705362	12.2554
7.70128718922	12.2862
7.72341732483	12.3006
7.74554746043	12.3075
7.76767759603	12.3327
7.78980773163	12.3571
7.81193786723	12.3661
7.83406800283	12.3655
7.85619813843	12.3577
7.87832827403	12.3494
7.90045840964	12.3466
7.92258854524	12.3385
7.94471868084	12.3333
7.96684881644	12.3235
7.98897895204	12.319
8.01110908764	12.3138
8.03323922324	12.3146
8.05536935884	12.3091
8.07749949445	12.303
8.09962963005	12.3025
8.12175976565	12.2962
8.14388990125	12.2927
8.16602003685	12.2879
8.18815017245	12.2796
8.21028030805	12.276
8.23241044365	12.2769
8.25454057926	12.2761
8.27667071486	12.2796
8.29880085046	12.286
8.32093098606	12.2863
8.34306112166	12.2791
8.36519125726	12.2734
8.38732139286	12.2732
8.40945152846	12.2746
8.43158166406	12.297
8.45371179967	12.3269
8.47584193527	12.3484
8.49797207087	12.3493
8.52010220647	12.3175
8.54223234207	12.2963
8.56436247767	12.3039
8.58649261327	12.3079
8.60862274887	12.3196
8.63075288448	12.3325
8.65288302008	12.3374
8.67501315568	12.3389
8.69714329128	12.3493
8.71927342688	12.3571
8.74140356248	12.3466
8.76353369808	12.3502
8.78566383368	12.3382
8.80779396929	12.3136
8.82992410489	12.2878
8.85205424049	12.287
8.87418437609	12.3043
8.89631451169	12.3138
8.91844464729	12.3225
8.94057478289	12.3233
8.96270491849	12.3277
8.9848350541	12.3193
9.0069651897	12.3097
9.0290953253	12.3059
9.0512254609	12.3031
9.0733555965	12.3027
9.0954857321	12.302
9.1176158677	12.3008
9.1397460033	12.2994
9.16187613891	12.3068
9.18400627451	12.3125
9.20613641011	12.3105
9.22826654571	12.27
9.25039668131	12.2662
9.27252681691	12.2702
9.29465695251	12.2721
9.31678708811	12.2705
9.33891722371	12.2708
9.36104735932	12.2745
9.38317749492	12.2709
9.40530763052	12.2915
9.42743776612	12.2921
9.44956790172	12.3011
9.47169803732	12.3048
9.49382817292	12.3012
9.51595830852	12.3007
9.53808844413	12.2973
9.56021857973	12.2976
9.58234871533	12.3058
9.60447885093	12.3071
9.62660898653	12.3125
9.64873912213	12.3118
9.67086925773	12.3143
9.69299939333	12.3126
9.71512952894	12.3116
9.73725966454	12.3071
9.75938980014	12.306
9.78151993574	12.306
9.80365007134	12.3045
9.82578020694	12.3015
9.84791034254	12.2981
9.87004047814	12.2981
9.89217061375	12.2947
9.91430074935	12.2869
9.93643088495	12.2856
9.95856102055	12.284
9.98069115615	12.2812
10.0028212918	12.2789
10.0249514274	12.2638
10.047081563	12.2655
10.0692116986	12.2403
10.0913418342	12.2151
10.1134719698	12.1738
10.1356021054	12.1647
10.157732241	12.1494
10.1798623766	12.1267
10.2019925122	12.1095
10.2241226478	12.105
10.2462527834	12.0985
10.268382919	12.0861
10.2905130546	12.0862
10.3126431902	12.0823
10.3347733258	12.0731
10.3569034614	12.0754
10.379033597	12.0692
10.4011637326	12.0545
10.4232938682	12.0537
10.4454240038	12.0448
10.4675541394	12.0356
10.489684275	12.0258
10.5118144106	12.0234
10.5339445462	12.0217
10.5560746818	12.0141
10.5782048174	12.0137
10.600334953	12.0156
10.6224650886	12.0246
10.6445952242	12.0277
10.6667253598	12.0316
10.6888554954	12.0368
10.710985631	12.0433
10.7331157666	12.0554
10.7552459022	12.0631
10.7773760378	12.0683
10.7995061734	12.071
10.821636309	12.0722
10.8437664446	12.0748
10.8658965802	12.0785
10.8880267158	12.0803
10.9101568514	12.0822
10.932286987	12.0855
10.9544171226	12.0927
10.9765472582	12.1216
10.9986773938	12.1548
11.0208075294	12.174
11.042937665	12.1843
11.0650678006	12.1909
11.0871979362	12.2036
11.1093280718	12.2135
11.1314582074	12.2209
11.153588343	12.2248
11.1757184786	12.2325
11.1978486142	12.2631
11.2199787498	12.2881
11.2421088854	12.3174
11.264239021	12.3296
11.2863691566	12.3319
11.3084992922	12.3322
11.3306294278	12.3318
11.3527595634	12.3286
11.374889699	12.3219
11.3970198346	12.3186
11.4191499702	12.3134
11.4412801058	12.3109
11.4634102414	12.3078
11.485540377	12.2975
11.5076705126	12.2946
11.5298006482	12.2873
11.5519307838	12.2662
11.5740609194	12.2528
11.596191055	12.2456
11.6183211906	12.2505
11.6404513262	12.2555
11.6625814618	12.2735
11.6847115974	12.2724
11.706841733	12.2612
11.7289718686	12.2529
11.7511020042	12.2423
11.7732321398	12.2425
11.7953622755	12.2329
11.8174924111	12.232
11.8396225467	12.2347
11.8617526823	12.2377
11.8838828179	12.2471
11.9060129535	12.2629
11.9281430891	12.2659
11.9502732247	12.2847
11.9724033603	12.2519
11.9945334959	12.2269
12.0166636315	12.2064
12.0387937671	12.1951
12.0609239027	12.1516
12.0830540383	12.1288
12.1051841739	12.1372
12.1273143095	12.1322
12.1494444451	12.127
12.1715745807	12.1195
12.1937047163	12.1192
12.2158348519	12.1176
12.2379649875	12.1151
12.2600951231	12.1141
12.2822252587	12.1184
12.3043553943	12.1353
12.3264855299	12.1511
12.3486156655	12.1763
12.3707458011	12.1851
12.3928759367	12.1784
12.4150060723	12.1793
12.4371362079	12.1718
12.4592663435	12.1686
12.4813964791	12.1655
12.5035266147	12.1609
12.5256567503	12.1699
12.5477868859	12.1901
12.5699170215	12.1988
12.5920471571	12.2048
12.6141772927	12.2059
12.6363074283	12.2112
12.6584375639	12.2145
12.6805676995	12.2157
12.7026978351	12.2227
12.7248279707	12.2207
12.7469581063	12.2233
12.7690882419	12.2245
12.7912183775	12.2195
12.8133485131	12.2242
12.8354786487	12.2365
12.8576087843	12.242
12.8797389199	12.243
12.9018690555	12.2446
12.9239991911	12.2598
12.9461293267	12.2657
12.9682594623	12.2662
12.9903895979	12.278
13.0125197335	12.2902
13.0346498691	12.2869
13.0567800047	12.2892
13.0789101403	12.2861
13.1010402759	12.2954
13.1231704115	12.3184
13.1453005471	12.3251
13.1674306827	12.3274
13.1895608183	12.3254
13.2116909539	12.3144
13.2338210895	12.3
13.2559512251	12.2956
13.2780813607	12.2949
13.3002114963	12.2939
13.3223416319	12.2929
13.3444717675	12.2919
13.3666019031	12.2933
13.3887320387	12.2959
13.4108621743	12.2955
13.4329923099	12.2985
13.4551224455	12.3018
13.4772525811	12.302
13.4993827167	12.3017
13.5215128523	12.3037
13.5436429879	12.3086
13.5657731235	12.3207
13.5879032591	12.3264
13.6100333948	12.3256
13.6321635304	12.331
13.654293666	12.3305
13.6764238016	12.3333
13.6985539372	12.3362
13.7206840728	12.3362
13.7428142084	12.3366
13.764944344	12.3368
13.7870744796	12.3368
13.8092046152	12.3376
13.8313347508	12.338
13.8534648864	12.3424
13.875595022	12.3528
13.8977251576	12.3565
13.9198552932	12.371
13.9419854288	12.3844
13.9641155644	12.3867
13.9862457	12.3877
14.0083758356	12.392
14.0305059712	12.3982
14.0526361068	12.3973
14.0747662424	12.3982
14.096896378	12.3962
14.1190265136	12.396
14.1411566492	12.3935
14.1632867848	12.3943
14.1854169204	12.3944
14.207547056	12.4009
14.2296771916	12.4026
14.2518073272	12.4029
14.2739374628	12.4041
14.2960675984	12.4038
14.318197734	12.3862
14.3403278696	12.3638
14.3624580052	12.3698
14.3845881408	12.3715
14.4067182764	12.3802
14.428848412	12.3841
14.4509785476	12.388
14.4731086832	12.3882
14.4952388188	12.3825
14.5173689544	12.3787
14.53949909	12.3796
14.5616292256	12.388
14.5837593612	12.4045
14.6058894968	12.397
14.6280196324	12.3919
14.650149768	12.3956
14.6722799036	12.3926
14.6944100392	12.3843
14.7165401748	12.3841
14.7386703104	12.3829
14.760800446	12.3817
14.7829305816	12.3781
14.8050607172	12.3739
14.8271908528	12.3741
14.8493209884	12.3764
14.871451124	12.3786
14.8935812596	12.3812
14.9157113952	12.3853
14.9378415308	12.3856
14.9599716664	12.3912
14.982101802	12.3943
15.0042319376	12.3946
15.0263620732	12.3959
15.0484922088	12.3993
15.0706223444	12.4023
15.09275248	12.401
15.1148826156	12.4095
15.1370127512	12.4158
15.1591428868	12.4168
15.1812730224	12.4187
15.203403158	12.4228
15.2255332936	12.4287
15.2476634292	12.4313
15.2697935648	12.4287
15.2919237004	12.4325
15.314053836	12.4313
15.3361839716	12.4331
15.3583141072	12.4319
15.3804442428	12.4335
15.4025743784	12.4366
15.4247045141	12.4415
15.4468346497	12.4412
15.4689647853	12.4395
15.4910949209	12.4363
15.5132250565	12.44
15.5353551921	12.4156
15.5574853277	12.3933
15.5796154633	12.3917
15.6017455989	12.395
15.6238757345	12.395
15.6460058701	12.399
15.6681360057	12.4104
15.6902661413	12.4167
15.7123962769	12.4164
15.7345264125	12.4029
15.7566565481	12.3954
15.7787866837	12.3825
15.8009168193	12.3768
15.8230469549	12.3716
15.8451770905	12.3613
15.8673072261	12.3525
15.8894373617	12.35
15.9115674973	12.3385
15.9336976329	12.333
15.9558277685	12.3289
15.9779579041	12.3276
16.0000880397	12.3266
16.0222181753	12.3313
16.0443483109	12.3384
16.0664784465	12.3492
16.0886085821	12.3498
16.1107387177	12.3595
16.1328688533	12.369
16.1549989889	12.3701
16.1771291245	12.3707
16.1992592601	12.3748
16.2213893957	12.3781
16.2435195313	12.3848
16.2656496669	12.3883
16.2877798025	12.3953
16.3099099381	12.397
16.3320400737	12.3954
16.3541702093	12.3972
16.3763003449	12.3989
16.3984304805	12.3982
16.4205606161	12.4018
16.4426907517	12.4042
16.4648208873	12.4127
16.4869510229	12.4212
16.5090811585	12.4254
16.5312112941	12.4308
16.5533414297	12.4403
16.5754715653	12.4492
16.5976017009	12.4465
16.6197318365	12.4467
16.6418619721	12.4435
16.6639921077	12.4464
16.6861222433	12.4598
16.7082523789	12.465
16.7303825145	12.4682
16.7525126501	12.4725
16.7746427857	12.4844
16.7967729213	12.4899
16.8189030569	12.5009
16.8410331925	12.5206
16.8631633281	12.529
16.8852934637	12.551
16.9074235993	12.5845
16.9295537349	12.6427
16.9516838705	12.6595
16.9738140061	12.6952
16.9959441417	12.7103
17.0180742773	12.7216
17.0402044129	12.7246
17.0623345485	12.7267
17.0844646841	12.7234
17.1065948197	12.7219
17.1287249553	12.7163
17.1508550909	12.7147
17.1729852265	12.7049
17.1951153621	12.7109
17.2172454977	12.694
17.2393756334	12.691
17.261505769	12.7044
17.2836359046	12.7044
17.3057660402	12.7065
17.3278961758	12.7045
17.3500263114	12.6889
17.372156447	12.6791
17.3942865826	12.6745
17.4164167182	12.6636
17.4385468538	12.6385
17.4606769894	12.6258
17.482807125	12.6185
17.5049372606	12.6121
17.5270673962	12.6134
17.5491975318	12.5942
17.5713276674	12.5501
17.593457803	12.5262
17.6155879386	12.5232
17.6377180742	12.5136
17.6598482098	12.5
17.6819783454	12.48
17.704108481	12.4678
17.7262386166	12.4715
17.7483687522	12.432
17.7704988878	12.3968
17.7926290234	12.3919
17.814759159	12.4087
17.8368892946	12.4159
17.8590194302	12.4188
17.8811495658	12.435
17.9032797014	12.4491
17.925409837	12.4517
17.9475399726	12.454
17.9696701082	12.4632
17.9918002438	12.4773
18.0139303794	12.486
18.036060515	12.4895
18.0581906506	12.4914
18.0803207862	12.5017
18.1024509218	12.5133
18.1245810574	12.5131
18.146711193	12.5267
18.1688413286	12.5427
18.1909714642	12.5431
18.2131015998	12.5454
18.2352317354	12.5432
18.257361871	12.5444
18.2794920066	12.5492
18.3016221422	12.5518
18.3237522778	12.5528
18.3458824134	12.5564
18.368012549	12.5549
18.3901426846	12.5561
18.4122728202	12.5558
18.4344029558	12.5532
18.4565330914	12.5501
18.478663227	12.5522
18.5007933626	12.5585
18.5229234982	12.5652
18.5450536338	12.5591
18.5671837694	12.5548
18.589313905	12.5495
18.6114440406	12.5364
18.6335741762	12.5348
18.6557043118	12.5413
18.6778344474	12.552
18.699964583	12.5532
18.7220947186	12.5569
18.7442248542	12.5584
18.7663549898	12.5596
18.7884851254	12.5596
18.810615261	12.5585
18.8327453966	12.5569
18.8548755322	12.5559
18.8770056678	12.5527
18.8991358034	12.5568
18.921265939	12.5645
18.9433960746	12.5657
18.9655262102	12.5684
18.9876563458	12.5711
19.0097864814	12.5759
19.031916617	12.578
19.0540467527	12.5796
19.0761768883	12.5814
19.0983070239	12.5869
19.1204371595	12.5883
19.1425672951	12.6025
19.1646974307	12.603
19.1868275663	12.6053
19.2089577019	12.6091
19.2310878375	12.6125
19.2532179731	12.6155
19.2753481087	12.6153
19.2974782443	12.616
19.3196083799	12.6168
19.3417385155	12.62
19.3638686511	12.6229
19.3859987867	12.6268
19.4081289223	12.6297
19.4302590579	12.6354
19.4523891935	12.6364
19.4745193291	12.64
19.4966494647	12.6468
19.5187796003	12.6485
19.5409097359	12.6525
19.5630398715	12.658
19.5851700071	12.6603
19.6073001427	12.6646
19.6294302783	12.6684
19.6515604139	12.6687
19.6736905495	12.6707
19.6958206851	12.6759
19.7179508207	12.6784
19.7400809563	12.6756
19.7622110919	12.6793
19.7843412275	12.6829
19.8064713631	12.6862
19.8286014987	12.6924
19.8507316343	12.6953
19.8728617699	12.6959
19.8949919055	12.7024
19.9171220411	12.7031
19.9392521767	12.7076
19.9613823123	12.7183
19.9835124479	12.7219
20.0056425835	12.7227
20.0277727191	12.7289
20.0499028547	12.7343
20.0720329903	12.7374
20.0941631259	12.7382
20.1162932615	12.7463
20.1384233971	12.7475
20.1605535327	12.7522
20.1826836683	12.764
20.2048138039	12.7686
20.2269439395	12.769
20.2490740751	12.7729
20.2712042107	12.7773
20.2933343463	12.7853
20.3154644819	12.7918
20.3375946175	12.7933
20.3597247531	12.7941
20.3818548887	12.7995
20.4039850243	12.8157
20.4261151599	12.8249
20.4482452955	12.8253
20.4703754311	12.8179
20.4925055667	12.8158
20.5146357023	12.8191
20.5367658379	12.8235
20.5588959735	12.8304
20.5810261091	12.8385
20.6031562447	12.8432
20.6252863803	12.8436
20.6474165159	12.8449
20.6695466515	12.8494
20.6916767871	12.853
20.7138069227	12.8515
20.7359370583	12.8576
20.7580671939	12.862
20.7801973295	12.8655
20.8023274651	12.8686
20.8244576007	12.8746
20.8465877363	12.8846
20.868717872	12.892
20.8908480076	12.9004
20.9129781432	12.9049
20.9351082788	12.9061
20.9572384144	12.9129
20.97936855	12.9183
21.0014986856	12.9216
21.0236288212	12.922
21.0457589568	12.9293
21.0678890924	12.9383
21.090019228	12.9404
21.1121493636	12.9431
21.1342794992	12.9476
21.1564096348	12.9485
21.1785397704	12.9517
21.200669906	12.9586
21.2228000416	12.9636
21.2449301772	12.9709
21.2670603128	12.9796
21.2891904484	12.9947
21.311320584	12.9902
21.3334507196	13.0234
21.3555808552	13.018
21.3777109908	13.0138
21.3998411264	13.0243
21.421971262	13.0316
21.4441013976	13.0293
21.4662315332	13.035
21.4883616688	13.0372
21.5104918044	13.0425
21.53262194	13.0458
21.5547520756	13.0494
21.5768822112	13.0558
21.5990123468	13.0613
21.6211424824	13.0783
21.643272618	13.0911
21.6654027536	13.0904
21.6875328892	13.0924
21.7096630248	13.0927
21.7317931604	13.0929
21.753923296	13.099
21.7760534316	13.1048
21.7981835672	13.1073
21.8203137028	13.1148
21.8424438384	13.1215
21.864573974	13.1231
21.8867041096	13.127
21.9088342452	13.1399
21.9309643808	13.1435
21.9530945164	13.1441
21.975224652	13.1569
21.9973547876	13.1718
22.0194849232	13.1732
22.0416150588	13.1777
22.0637451944	13.1787
22.08587533	13.1856
22.1080054656	13.1911
22.1301356012	13.1975
22.1522657368	13.2053
22.1743958724	13.2134
22.196526008	13.2171
22.2186561436	13.229
22.2407862792	13.237
22.2629164148	13.2479
22.2850465504	13.2478
22.307176686	13.2504
22.3293068216	13.2576
22.3514369572	13.2606
22.3735670928	13.2658
22.3956972284	13.2709
22.417827364	13.2664
22.4399574996	13.2692
22.4620876352	13.3014
22.4842177708	13.3034
22.5063479064	13.302
22.528478042	13.3015
22.5506081776	13.3044
22.5727383132	13.3068
22.5948684488	13.307
22.6169985844	13.3063
22.63912872	13.3128
22.6612588556	13.3213
22.6833889913	13.3329
22.7055191269	13.339
22.7276492625	13.3417
22.7497793981	13.3465
22.7719095337	13.3545
22.7940396693	13.3693
22.8161698049	13.3698
22.8382999405	13.382
22.8604300761	13.3932
22.8825602117	13.394
22.9046903473	13.4024
22.9268204829	13.4128
22.9489506185	13.4157
22.9710807541	13.4258
22.9932108897	13.4363
23.0153410253	13.4381
23.0374711609	13.4361
23.0596012965	13.4372
23.0817314321	13.4389
23.1038615677	13.4418
23.1259917033	13.4417
23.1481218389	13.4436
23.1702519745	13.4541
23.1923821101	13.4632
23.2145122457	13.4681
23.2366423813	13.4764
23.2587725169	13.4803
23.2809026525	13.4813
23.3030327881	13.4889
23.3251629237	13.4925
23.3472930593	13.4965
23.3694231949	13.5013
23.3915533305	13.5065
23.4136834661	13.5083
23.4358136017	13.5185
23.4579437373	13.5203
23.4800738729	13.5263
23.5022040085	13.5361
23.5243341441	13.5383
23.5464642797	13.5438
23.5685944153	13.5477
23.5907245509	13.5489
23.6128546865	13.5548
23.6349848221	13.5567
23.6571149577	13.5569
23.6792450933	13.5641
23.7013752289	13.5697
23.7235053645	13.5793
23.7456355001	13.5822
23.7677656357	13.5879
23.7898957713	13.5957
23.8120259069	13.5971
23.8341560425	13.6004
23.8562861781	13.6055
23.8784163137	13.61
23.9005464493	13.6127
23.9226765849	13.6119
23.9448067205	13.6159
23.9669368561	13.6344
23.9890669917	13.6414
24.0111971273	13.6524
24.0333272629	13.6633
24.0554573985	13.6726
24.0775875341	13.6733
24.0997176697	13.675
24.1218478053	13.6794
24.1439779409	13.6849
24.1661080765	13.6875
24.1882382121	13.6925
24.2103683477	13.6945
24.2324984833	13.7034
24.2546286189	13.7135
24.2767587545	13.7206
24.2988888901	13.7258
24.3210190257	13.7289
24.3431491613	13.7334
24.3652792969	13.7388
24.3874094325	13.7434
24.4095395681	13.7493
24.4316697037	13.7514
24.4537998393	13.7546
24.4759299749	13.7566
24.4980601106	13.7612
24.5201902462	13.7644
24.5423203818	13.7662
24.5644505174	13.768
24.586580653	13.7723
24.6087107886	13.7765
24.6308409242	13.7794
24.6529710598	13.7815
24.6751011954	13.7827
24.697231331	13.7849
24.7193614666	13.79
24.7414916022	13.7942
24.7636217378	13.7973
24.7857518734	13.8018
24.807882009	13.8029
24.8300121446	13.8072
24.8521422802	13.8118
24.8742724158	13.8204
24.8964025514	13.83
24.918532687	13.8361
24.9406628226	13.8425
24.9627929582	13.8458
24.9849230938	13.851
25.0070532294	13.8573
25.029183365	13.8599
25.0513135006	13.8638
25.0734436362	13.8675
25.0955737718	13.8746
25.1177039074	13.8844
25.139834043	13.8851
25.1619641786	13.8916
25.1840943142	13.8973
25.2062244498	13.8994
25.2283545854	13.9098
25.250484721	13.9144
25.2726148566	13.9193
25.2947449922	13.9227
25.3168751278	13.9249
25.3390052634	13.9276
25.361135399	13.9321
25.3832655346	13.9371
25.4053956702	13.9417
25.4275258058	13.943
25.4496559414	13.9434
25.471786077	13.9514
25.4939162126	13.9554
25.5160463482	13.9579
25.5381764838	13.9579
25.5603066194	13.9586
25.582436755	13.9646
25.6045668906	13.9751
25.6266970262	13.9857
25.6488271618	13.9868
25.6709572974	13.9901
25.693087433	14.0004
25.7152175686	14.0026
25.7373477042	14.0039
25.7594778398	14.0096
25.7816079754	14.0113
25.803738111	14.0161
25.8258682466	14.0177
25.8479983822	14.0184
25.8701285178	14.0186
25.8922586534	14.021
25.914388789	14.0249
25.9365189246	14.0288
25.9586490602	14.0301
25.9807791958	14.0326
26.0029093314	14.0409
26.025039467	14.0468
26.0471696026	14.0604
26.0692997382	14.0672
26.0914298738	14.0752
26.1135600094	14.0805
26.135690145	14.0817
26.1578202806	14.0838
26.1799504162	14.0833
26.2020805518	14.09
26.2242106874	14.0924
26.246340823	14.09
26.2684709586	14.0934
26.2906010942	14.0976
26.3127312299	14.0949
26.3348613655	14.0965
26.3569915011	14.0976
26.3791216367	14.1078
26.4012517723	14.1191
26.4233819079	14.1239
26.4455120435	14.1398
26.4676421791	14.1459
26.4897723147	14.1442
26.5119024503	14.1419
26.5340325859	14.1352
26.5561627215	14.1353
26.5782928571	14.1402
26.6004229927	14.1404
26.6225531283	14.1438
26.6446832639	14.145
26.6668133995	14.1506
26.6889435351	14.1487
26.7110736707	14.1491
26.7332038063	14.1531
26.7553339419	14.16
26.7774640775	14.1639
26.7995942131	14.1647
26.8217243487	14.1675
26.8438544843	14.1754
26.8659846199	14.1779
26.8881147555	14.1789
26.9102448911	14.1917
26.9323750267	14.1929
26.9545051623	14.1962
26.9766352979	14.205
26.9987654335	14.2072
27.0208955691	14.208
27.0430257047	14.2169
27.0651558403	14.2234
27.0872859759	14.2357
27.1094161115	14.2438
27.1315462471	14.2542
27.1536763827	14.2542
27.1758065183	14.2499
27.1979366539	14.2417
27.2200667895	14.234
27.2421969251	14.2347
27.2643270607	14.2357
27.2864571963	14.2427
27.3085873319	14.2477
27.3307174675	14.2532
27.3528476031	14.2591
27.3749777387	14.2569
27.3971078743	14.2665
27.4192380099	14.2743
27.4413681455	14.2741
27.4634982811	14.2757
27.4856284167	14.2749
27.5077585523	14.2816
27.5298886879	14.285
27.5520188235	14.2899
27.5741489591	14.2853
27.5962790947	14.2947
27.6184092303	14.3064
27.6405393659	14.307
27.6626695015	14.3156
27.6847996371	14.3276
27.7069297727	14.3238
27.7290599083	14.3212
27.7511900439	14.3183
27.7733201795	14.3157
27.7954503151	14.3146
27.8175804507	14.3099
27.8397105863	14.3064
27.8618407219	14.3021
27.8839708575	14.3056
27.9061009931	14.3113
27.9282311287	14.3146
27.9503612643	14.3204
27.9724913999	14.3269
27.9946215355	14.3406
28.0167516711	14.3573
28.0388818067	14.3612
28.0610119423	14.3678
28.0831420779	14.3736
28.1052722135	14.3809
28.1274023492	14.3871
28.1495324848	14.3897
28.1716626204	14.3736
28.193792756	14.3581
28.2159228916	14.3568
28.2380530272	14.3529
28.2601831628	14.3416
28.2823132984	14.3271
28.304443434	14.3141
28.3265735696	14.3111
28.3487037052	14.3034
28.3708338408	14.2949
28.3929639764	14.2948
28.415094112	14.3043
28.4372242476	14.3118
28.4593543832	14.3153
28.4814845188	14.3204
28.5036146544	14.322
28.52574479	14.3238
28.5478749256	14.3237
28.5700050612	14.3242
28.5921351968	14.3324
28.6142653324	14.3349
28.636395468	14.3346
28.6585256036	14.3186
28.6806557392	14.3093
28.7027858748	14.3042
28.7249160104	14.2996
28.747046146	14.287
28.7691762816	14.2704
28.7913064172	14.2695
28.8134365528	14.2683
28.8355666884	14.2625
28.857696824	14.2599
28.8798269596	14.2593
28.9019570952	14.2567
28.9240872308	14.2512
28.9462173664	14.2467
28.968347502	14.2456
28.9904776376	14.2361
29.0126077732	14.2347
29.0347379088	14.2308
29.0568680444	14.2243
29.07899818	14.2206
29.1011283156	14.2162
29.1232584512	14.211
29.1453885868	14.195
29.1675187224	14.1717
29.189648858	14.1844
29.2117789936	14.1099
29.2339091292	14.0827
29.2560392648	14.0553
29.2781694004	14.0466
29.300299536	14.0413
29.3224296716	14.0352
29.3445598072	14.0367
29.3666899428	14.039
29.3888200784	14.0389
29.410950214	14.0411
29.4330803496	14.0453
29.4552104852	14.0513
29.4773406208	14.052
29.4994707564	14.0525
29.521600892	14.0489
29.5437310276	14.0491
29.5658611632	14.0455
29.5879912988	14.0389
29.6101214344	14.0387
29.63225157	14.0368
29.6543817056	14.0319
29.6765118412	14.0281
29.6986419768	14.0258
29.7207721124	14.0228
29.742902248	14.0179
29.7650323836	14.0192
29.7871625192	14.0178
29.8092926548	14.0166
29.8314227904	14.0158
29.853552926	14.016
29.8756830616	14.016
29.8978131972	14.0163
29.9199433328	14.0163
29.9420734685	14.0164
29.9642036041	14.0156
29.9863337397	14.014
30.0084638753	14.013
30.0305940109	14.0088
30.0527241465	14.0001
30.0748542821	14.0001
30.0969844177	14.0036
30.1191145533	14.0076
30.1412446889	14.0108
30.1633748245	14.0097
30.1855049601	14.0121
30.2076350957	14.0136
30.2297652313	14.0151
30.2518953669	14.0156
30.2740255025	14.0168
30.2961556381	14.0155
30.3182857737	14.0143
30.3404159093	14.0128
30.3625460449	14.0111
30.3846761805	14.0116
30.4068063161	14.0119
30.4289364517	14.0133
30.4510665873	14.0096
30.4731967229	14.0087
30.4953268585	14.0076
30.5174569941	14.0076
30.5395871297	14.0076
30.5617172653	14.0082
30.5838474009	14.0109
30.6059775365	14.0111
30.6281076721	14.0112
30.6502378077	14.0089
30.6723679433	14.0072
30.6944980789	14.0065
30.7166282145	14.0071
30.7387583501	14.008
30.7608884857	14.0072
30.7830186213	14.0062
30.8051487569	14.0059
30.8272788925	14.0048
30.8494090281	14.0026
30.8715391637	13.9964
30.8936692993	13.9933
30.9157994349	13.9928
30.9379295705	13.9919
30.9600597061	13.9924
30.9821898417	13.9927
31.0043199773	13.9926
31.0264501129	13.9913
31.0485802485	13.9912
31.0707103841	13.9909
31.0928405197	13.9908
31.1149706553	13.9907
31.1371007909	13.9898
31.1592309265	13.9911
31.1813610621	13.9932
31.2034911977	13.9947
31.2256213333	13.9948
31.2477514689	13.9983
31.2698816045	14.004
31.2920117401	13.9992
31.3141418757	13.9945
31.3362720113	13.9954
31.3584021469	13.995
31.3805322825	13.9923
31.4026624181	13.9906
31.4247925537	13.993
31.4469226893	13.9945
31.4690528249	13.997
31.4911829605	13.9952
31.5133130961	13.9942
31.5354432317	13.9927
31.5575733673	13.9918
31.5797035029	13.992
31.6018336385	13.992
31.6239637741	13.9902
31.6460939097	13.9894
31.6682240453	13.9891
31.6903541809	13.9891
31.7124843165	13.9885
31.7346144521	13.9905
31.7567445878	13.9963
31.7788747234	13.9954
31.801004859	13.9898
31.8231349946	13.9926
31.8452651302	13.9913
31.8673952658	13.9903
31.8895254014	13.9876
31.911655537	13.9878
31.9337856726	13.9865
31.9559158082	13.9869
31.9780459438	13.9793
32.0001760794	13.9779
32.022306215	13.98
32.0444363506	13.9803
32.0665664862	13.9806
32.0886966218	13.9818
32.1108267574	13.9837
32.132956893	13.9829
32.1550870286	13.9829
32.1772171642	13.9832
32.1993472998	13.9839
32.2214774354	13.9834
32.243607571	13.9845
32.2657377066	13.9856
32.2878678422	13.9856
32.3099979778	13.9855
32.3321281134	13.9848
32.354258249	13.9837
32.3763883846	13.9834
32.3985185202	13.9814
32.4206486558	13.9823
32.4427787914	13.9817
32.464908927	13.98
32.4870390626	13.983
32.5091691982	13.987
32.5312993338	13.9966
32.5534294694	14.0013
32.575559605	14.008
32.5976897406	14.0218
32.6198198762	14.0276
32.6419500118	14.0281
32.6640801474	14.0376
32.686210283	14.0317
32.7083404186	13.9994
32.7304705542	13.9922
32.7526006898	13.9935
32.7747308254	13.987
32.796860961	13.9838
32.8189910966	13.9802
32.8411212322	13.9809
32.8632513678	13.9811
32.8853815034	13.9819
32.907511639	13.9839
32.9296417746	13.9855
32.9517719102	13.9856
32.9739020458	13.9857
32.9960321814	13.9865
33.018162317	13.9871
33.0402924526	13.9872
33.0624225882	13.9908
33.0845527238	13.991
33.1066828594	13.9887
33.128812995	13.9848
33.1509431306	13.9842
33.1730732662	13.9839
33.1952034018	13.9827
33.2173335374	13.9813
33.239463673	13.9811
33.2615938086	13.9812
33.2837239442	13.9791
33.3058540798	13.9781
33.3279842154	13.978
33.350114351	13.9787
33.3722444866	13.9785
33.3943746222	13.982
33.4165047578	13.9849
33.4386348934	13.9875
33.460765029	13.9903
33.4828951646	13.9925
33.5050253002	13.9948
33.5271554358	13.9937
33.5492855714	13.9928
33.5714157071	13.9953
33.5935458427	13.9987
33.6156759783	13.9984
33.6378061139	14.0015
33.6599362495	14.0012
33.6820663851	13.994
33.7041965207	13.9808
33.7263266563	13.9767
33.7484567919	13.9766
33.7705869275	13.9786
33.7927170631	13.98
33.8148471987	13.9824
33.8369773343	13.9816
33.8591074699	13.9712
33.8812376055	13.9699
33.9033677411	13.9684
33.9254978767	13.9687
33.9476280123	13.9718
33.9697581479	13.971
33.9918882835	13.9508
34.0140184191	13.9497
34.0361485547	13.9503
34.0582786903	13.9531
34.0804088259	13.9544
34.1025389615	13.9548
34.1246690971	13.9562
34.1467992327	13.9601
34.1689293683	13.9618
34.1910595039	13.962
34.2131896395	13.9663
34.2353197751	13.9676
34.2574499107	13.9677
34.2795800463	13.9718
34.3017101819	13.9749
34.3238403175	13.9744
34.3459704531	13.9655
34.3681005887	13.9649
34.3902307243	13.9604
34.4123608599	13.9532
34.4344909955	13.943
34.4566211311	13.9432
34.4787512667	13.9468
34.5008814023	13.9471
34.5230115379	13.9461
34.5451416735	13.9478
34.5672718091	13.95
34.5894019447	13.9502
34.6115320803	13.9482
34.6336622159	13.9447
34.6557923515	13.9436
34.6779224871	13.9421
34.7000526227	13.942
34.7221827583	13.9422
34.7443128939	13.9409
34.7664430295	13.9404
34.7885731651	13.9397
34.8107033007	13.9396
34.8328334363	13.9376
34.8549635719	13.9389
34.8770937075	13.94
34.8992238431	13.9459
34.9213539787	13.9531
34.9434841143	13.9531
34.9656142499	13.9482
34.9877443855	13.9422
35.0098745211	13.9417
35.0320046567	13.9412
35.0541347923	13.938
35.0762649279	13.9327
35.0983950635	13.9308
35.1205251991	13.9301
35.1426553347	13.9307
35.1647854703	13.9307
35.1869156059	13.9305
35.2090457415	13.9298
35.2311758771	13.9291
35.2533060127	13.9277
35.2754361483	13.9267
35.2975662839	13.9254
35.3196964195	13.924
35.3418265551	13.9213
35.3639566907	13.9181
35.3860868264	13.9123
35.408216962	13.9123
35.4303470976	13.9102
35.4524772332	13.9064
35.4746073688	13.9062
35.4967375044	13.905
35.51886764	13.9047
35.5409977756	13.9026
35.5631279112	13.9011
35.5852580468	13.9004
35.6073881824	13.8995
35.629518318	13.8992
35.6516484536	13.8998
35.6737785892	13.9019
35.6959087248	13.9037
35.7180388604	13.9051
35.740168996	13.9086
35.7622991316	13.9123
35.7844292672	13.9114
35.8065594028	13.9128
35.8286895384	13.9161
35.850819674	13.916
35.8729498096	13.9176
35.8950799452	13.9215
35.9172100808	13.927
35.9393402164	13.9194
35.961470352	13.9031
35.9836004876	13.8936
36.0057306232	13.8879
36.0278607588	13.8889
36.0499908944	13.8875
36.07212103	13.8762
36.0942511656	13.8762
36.1163813012	13.8774
36.1385114368	13.8717
36.1606415724	13.8663
36.182771708	13.8679
36.2049018436	13.8991
36.2270319792	13.9014
36.2491621148	13.8961
36.2712922504	13.8912
36.293422386	13.8839
36.3155525216	13.8837
36.3376826572	13.8867
36.3598127928	13.8903
36.3819429284	13.8894
36.404073064	13.8887
36.4262031996	13.8826
36.4483333352	13.8799
36.4704634708	13.8691
36.4925936064	13.852
36.514723742	13.8446
36.5368538776	13.8455
36.5589840132	13.8552
36.5811141488	13.8625
36.6032442844	13.8651
36.62537442	13.8722
36.6475045556	13.8823
36.6696346912	13.8914
36.6917648268	13.8949
36.7138949624	13.8921
36.736025098	13.8906
36.7581552336	13.8878
36.7802853692	13.8867
36.8024155048	13.8868
36.8245456404	13.886
36.846675776	13.8887
36.8688059116	13.8921
36.8909360472	13.894
36.9130661828	13.8944
36.9351963184	13.8938
36.957326454	13.8927
36.9794565896	13.8918
37.0015867252	13.891
37.0237168608	13.8911
37.0458469964	13.8932
37.067977132	13.8968
37.0901072676	13.8986
37.1122374032	13.8986
37.1343675388	13.8977
37.1564976744	13.8975
37.17862781	13.8965
37.2007579457	13.8948
37.2228880813	13.8956
37.2450182169	13.8976
37.2671483525	13.9009
37.2892784881	13.9038
37.3114086237	13.9067
37.3335387593	13.9023
37.3556688949	13.8967
37.3777990305	13.895
37.3999291661	13.8941
37.4220593017	13.8955
37.4441894373	13.8956
37.4663195729	13.8963
37.4884497085	13.9005
37.5105798441	13.9019
37.5327099797	13.8981
37.5548401153	13.8984
37.5769702509	13.9101
37.5991003865	13.9218
37.6212305221	13.9299
37.6433606577	13.9257
37.6654907933	13.9306
37.6876209289	13.94
37.7097510645	13.9714
37.7318812001	14.0011
37.7540113357	14.0142
37.7761414713	14.0156
37.7982716069	14.0335
37.8204017425	14.0626
37.8425318781	14.0624
37.8646620137	14.0916
37.8867921493	14.1335
37.9089222849	14.1457
37.9310524205	14.1584
37.9531825561	14.1683
37.9753126917	14.1862
37.9974428273	14.1877
38.0195729629	14.1944
38.0417030985	14.2037
38.0638332341	14.2094
38.0859633697	14.2104
38.1080935053	14.2202
38.1302236409	14.2211
38.1523537765	14.2289
38.1744839121	14.235
38.1966140477	14.2343
38.2187441833	14.2454
38.2408743189	14.2546
38.2630044545	14.2564
38.2851345901	14.2593
38.3072647257	14.2645
38.3293948613	14.2679
38.3515249969	14.2687
38.3736551325	14.2765
38.3957852681	14.2731
38.4179154037	14.2488
38.4400455393	14.2224
38.4621756749	14.2176
38.4843058105	14.2084
38.5064359461	14.1985
38.5285660817	14.1975
38.5506962173	14.194
38.5728263529	14.1852
38.5949564885	14.1823
38.6170866241	14.1796
38.6392167597	14.1771
38.6613468953	14.1736
38.6834770309	14.1672
38.7056071665	14.1663
38.7277373021	14.1646
38.7498674377	14.1641
38.7719975733	14.1636
38.7941277089	14.1638
38.8162578445	14.1607
38.8383879801	14.1554
38.8605181157	14.1522
38.8826482513	14.1512
38.9047783869	14.1464
38.9269085225	14.1439
38.9490386581	14.1389
38.9711687937	14.1231
38.9932989293	14.1146
39.015429065	14.1096
39.0375592006	14.1025
39.0596893362	14.0927
39.0818194718	14.088
39.1039496074	14.0833
39.126079743	14.081
39.1482098786	14.0735
39.1703400142	14.0679
39.1924701498	14.0639
39.2146002854	14.0611
39.236730421	14.0558
39.2588605566	14.0523
39.2809906922	14.0514
39.3031208278	14.0466
39.3252509634	14.0337
39.347381099	14.0256
39.3695112346	14.0176
39.3916413702	14.016
39.4137715058	14.0133
39.4359016414	14.0042
39.458031777	14.0013
39.4801619126	13.9902
39.5022920482	13.9866
39.5244221838	13.9857
39.5465523194	13.9777
39.568682455	13.9663
39.5908125906	13.9623
39.6129427262	13.9577
39.6350728618	13.9559
39.6572029974	13.9538
39.679333133	13.9504
39.7014632686	13.9521
39.7235934042	13.9482
39.7457235398	13.9407
39.7678536754	13.9372
39.789983811	13.9359
39.8121139466	13.9335
39.8342440822	13.9312
39.8563742178	13.9233
39.8785043534	13.912
39.900634489	13.8975
39.9227646246	13.8894
39.9448947602	13.8833
39.9670248958	13.8746
39.9891550314	13.8729
40.011285167	13.8407
40.0334153026	13.8083
40.0555454382	13.801
40.0776755738	13.7947
40.0998057094	13.7904
40.121935845	13.7895
40.1440659806	13.7885
40.1661961162	13.7852
40.1883262518	13.779
40.2104563874	13.7771
40.232586523	13.7682
40.2547166586	13.7473
40.2768467942	13.7354
40.2989769298	13.7361
40.3211070654	13.7337
40.343237201	13.7353
40.3653673366	13.7333
40.3874974722	13.7327
40.4096276078	13.7306
40.4317577434	13.727
40.453887879	13.7256
40.4760180146	13.7179
40.4981481502	13.7102
40.5202782858	13.7091
40.5424084214	13.7077
40.564538557	13.7075
40.5866686926	13.6996
40.6087988282	13.6915
40.6309289638	13.6889
40.6530590994	13.6863
40.675189235	13.6806
40.6973193706	13.6688
40.7194495062	13.6657
40.7415796418	13.6632
40.7637097774	13.6545
40.785839913	13.6431
40.8079700486	13.6387
40.8301001843	13.6374
40.8522303199	13.63
40.8743604555	13.6128
40.8964905911	13.6067
40.9186207267	13.6059
40.9407508623	13.6013
40.9628809979	13.6002
40.9850111335	13.5932
41.0071412691	13.5814
41.0292714047	13.575
41.0514015403	13.5793
41.0735316759	13.5825
41.0956618115	13.5837
41.1177919471	13.5846
41.1399220827	13.5839
41.1620522183	13.5652
41.1841823539	13.5424
41.2063124895	13.5383
41.2284426251	13.5346
41.2505727607	13.5301
41.2727028963	13.5213
41.2948330319	13.507
41.3169631675	13.5056
41.3390933031	13.4976
41.3612234387	13.4856
41.3833535743	13.4758
41.4054837099	13.4761
41.4276138455	13.4696
41.4497439811	13.4597
41.4718741167	13.4562
41.4940042523	13.4556
41.5161343879	13.449
41.5382645235	13.4387
41.5603946591	13.4326
41.5825247947	13.4341
41.6046549303	13.4331
41.6267850659	13.431
41.6489152015	13.4252
41.6710453371	13.4218
41.6931754727	13.4169
41.7153056083	13.4088
41.7374357439	13.3967
41.7595658795	13.387
41.7816960151	13.3859
41.8038261507	13.3767
41.8259562863	13.3593
41.8480864219	13.3569
41.8702165575	13.3509
41.8923466931	13.3488
41.9144768287	13.3413
41.9366069643	13.3379
41.9587370999	13.3365
41.9808672355	13.3298
42.0029973711	13.327
42.0251275067	13.3261
42.0472576423	13.3135
42.0693877779	13.299
42.0915179135	13.291
42.1136480491	13.2827
42.1357781847	13.2813
42.1579083203	13.2807
42.1800384559	13.2799
42.2021685915	13.2803
42.2242987271	13.2807
42.2464288627	13.28
42.2685589983	13.2714
42.2906891339	13.2585
42.3128192695	13.2544
42.3349494051	13.2494
42.3570795407	13.2428
42.3792096763	13.2395
42.4013398119	13.2338
42.4234699475	13.2251
42.4456000831	13.2204
42.4677302187	13.2141
42.4898603543	13.2111
42.5119904899	13.2088
42.5341206255	13.207
42.5562507611	13.2098
42.5783808967	13.217
42.6005110323	13.2181
42.6226411679	13.199
42.6447713036	13.1905
42.6669014392	13.1865
42.6890315748	13.1769
42.7111617104	13.1719
42.733291846	13.172
42.7554219816	13.1666
42.7775521172	13.159
42.7996822528	13.1476
42.8218123884	13.1402
42.843942524	13.1374
42.8660726596	13.1273
42.8882027952	13.1258
42.9103329308	13.112
42.9324630664	13.102
42.954593202	13.1008
42.9767233376	13.0938
42.9988534732	13.081
43.0209836088	13.0618
43.0431137444	13.0444
43.06524388	13.0398
43.0873740156	13.0352
43.1095041512	13.0329
43.1316342868	13.028
43.1537644224	13.0218
43.175894558	13.0155
43.1980246936	13.0037
43.2201548292	12.9879
43.2422849648	12.9863
43.2644151004	12.9752
43.286545236	12.973
43.3086753716	12.9674
43.3308055072	12.9655
43.3529356428	12.9651
43.3750657784	12.956
43.397195914	12.9488
43.4193260496	12.9482
43.4414561852	12.949
43.4635863208	12.9526
43.4857164564	12.9573
43.507846592	12.9596
43.5299767276	12.9625
43.5521068632	12.9685
43.5742369988	12.9673
43.5963671344	12.9382
43.61849727	12.9105
43.6406274056	12.8994
43.6627575412	12.8873
43.6848876768	12.8942
43.7070178124	12.8857
43.729147948	12.8916
43.7512780836	12.8819
43.7734082192	12.8874
43.7955383548	12.8673
43.8176684904	12.8149
43.839798626	12.8015
43.8619287616	12.8115
43.8840588972	12.807
43.9061890328	12.8301
43.9283191684	12.8322
43.950449304	12.8386
43.9725794396	12.84
43.9947095752	12.8397
44.0168397108	12.8411
44.0389698464	12.8306
44.061099982	12.8571
44.0832301176	12.8586
44.1053602532	12.8439
44.1274903888	12.8191
44.1496205244	12.831
44.17175066	12.8212
44.1938807956	12.8024
44.2160109312	12.7912
44.2381410668	12.7622
44.2602712024	12.7123
44.282401338	12.6934
44.3045314736	12.6852
44.3266616092	12.6849
44.3487917448	12.6896
44.3709218804	12.6893
44.393052016	12.6938
44.4151821516	12.6619
44.4373122873	12.63
44.4594424229	12.6248
44.4815725585	12.6116
44.5037026941	12.6117
44.5258328297	12.6091
44.5479629653	12.5987
44.5700931009	12.5995
44.5922232365	12.5938
44.6143533721	12.5856
44.6364835077	12.5826
44.6586136433	12.5693
44.6807437789	12.5602
44.7028739145	12.5317
44.7250040501	12.507
44.7471341857	12.4895
44.7692643213	12.468
44.7913944569	12.4575
44.8135245925	12.4467
44.8356547281	12.4358
44.8577848637	12.4331
44.8799149993	12.4022
44.9020451349	12.4005
44.9241752705	12.4094
44.9463054061	12.4098
44.9684355417	12.4043
44.9905656773	12.4032
45.0126958129	12.3974
45.0348259485	12.396
45.0569560841	12.3912
45.0790862197	12.3948
45.1012163553	12.4066
45.1233464909	12.4201
45.1454766265	12.4292
45.1676067621	12.4444
45.1897368977	12.4598
45.2118670333	12.4885
45.2339971689	12.5098
45.2561273045	12.5167
45.2782574401	12.5528
45.3003875757	12.5329
45.3225177113	12.5099
45.3446478469	12.4268
45.3667779825	12.3595
45.3889081181	12.3526
45.4110382537	12.2992
45.4331683893	12.2922
45.4552985249	12.2958
45.4774286605	12.2695
45.4995587961	12.2772
45.5216889317	12.2877
45.5438190673	12.3136
45.5659492029	12.3171
45.5880793385	12.32
45.6102094741	12.3196
45.6323396097	12.324
45.6544697453	12.3256
45.6765998809	12.3216
45.6987300165	12.3183
45.7208601521	12.3158
45.7429902877	12.3191
45.7651204233	12.3148
45.7872505589	12.3036
45.8093806945	12.2945
45.8315108301	12.292
45.8536409657	12.2847
45.8757711013	12.2788
45.8979012369	12.2752
45.9200313725	12.2695
45.9421615081	12.2619
45.9642916437	12.2545
45.9864217793	12.2113
46.0085519149	12.1951
46.0306820505	12.193
46.0528121861	12.1815
46.0749423217	12.1753
46.0970724573	12.1707
46.1192025929	12.1709
46.1413327285	12.1708
46.1634628641	12.1727
46.1855929997	12.1726
46.2077231353	12.1691
46.2298532709	12.1629
46.2519834066	12.1595
46.2741135422	12.1562
46.2962436778	12.1522
46.3183738134	12.1485
46.340503949	12.1451
46.3626340846	12.1417
46.3847642202	12.1357
46.4068943558	12.1231
46.4290244914	12.1145
46.451154627	12.1075
46.4732847626	12.0598
46.4954148982	12.0509
46.5175450338	12.0537
46.5396751694	12.0444
46.561805305	12.0358
46.5839354406	12.0396
46.6060655762	12.0366
46.6281957118	12.0295
46.6503258474	12.0251
46.672455983	12.019
46.6945861186	12.0185
46.7167162542	12.0145
46.7388463898	12.0095
46.7609765254	12.0087
46.783106661	12.004
46.8052367966	12.0022
46.8273669322	12.0005
46.8494970678	11.9951
46.8716272034	11.9874
46.893757339	11.987
46.9158874746	11.986
46.9380176102	11.9806
46.9601477458	11.9692
46.9822778814	11.9693
47.004408017	11.9762
47.0265381526	11.9822
47.0486682882	11.9817
47.0707984238	11.9817
47.0929285594	11.9837
47.115058695	11.9856
47.1371888306	11.9856
47.1593189662	11.9898
47.1814491018	11.9905
47.2035792374	11.9945
47.225709373	12.013
47.2478395086	12.0177
47.2699696442	12.0162
47.2920997798	12.0096
47.3142299154	12.0093
47.336360051	12.0138
47.3584901866	12.0127
47.3806203222	12.0141
47.4027504578	12.0129
47.4248805934	12.0132
47.447010729	12.0131
47.4691408646	12.0104
47.4912710002	12.0106
47.5134011358	12.0115
47.5355312714	12.0124
47.557661407	12.0106
47.5797915426	12.0062
47.6019216782	12.0001
47.6240518138	11.9968
47.6461819494	11.9964
47.668312085	11.9957
47.6904422206	11.9944
47.7125723562	11.9944
47.7347024918	11.9898
47.7568326274	11.9853
47.778962763	11.9839
47.8010928986	11.9756
47.8232230342	11.9672
47.8453531698	11.9624
47.8674833054	11.9617
47.889613441	11.9569
47.9117435766	11.9454
47.9338737122	11.9361
47.9560038478	11.9496
47.9781339834	11.9622
48.000264119	11.96
48.0223942546	11.9476
48.0445243902	11.9454
48.0666545259	11.956
48.0887846615	11.9607
48.1109147971	11.9579
48.1330449327	11.9572
48.1551750683	11.9564
48.1773052039	11.9587
48.1994353395	11.9486
48.2215654751	11.9439
48.2436956107	11.9414
48.2658257463	11.9369
48.2879558819	11.934
48.3100860175	11.9261
48.3322161531	11.9286
48.3543462887	11.9285
48.3764764243	11.9291
48.3986065599	11.9256
48.4207366955	11.9241
48.4428668311	11.9197
48.4649969667	11.9146
48.4871271023	11.9154
48.5092572379	11.9125
48.5313873735	11.9077
48.5535175091	11.9001
48.5756476447	11.8979
48.5977777803	11.894
48.6199079159	11.8864
48.6420380515	11.8812
48.6641681871	11.881
48.6862983227	11.8831
48.7084284583	11.8854
48.7305585939	11.888
48.7526887295	11.8922
48.7748188651	11.9049
48.7969490007	11.9275
48.8190791363	11.934
48.8412092719	11.9344
48.8633394075	11.9334
48.8854695431	11.9314
48.9075996787	11.93
48.9297298143	11.929
48.9518599499	11.9278
48.9739900855	11.9246
48.9961202211	11.9224
49.0182503567	11.9209
49.0403804923	11.923
49.0625106279	11.9231
49.0846407635	11.9233
49.1067708991	11.9263
49.1289010347	11.9362
49.1510311703	11.9365
49.1731613059	11.9363
49.1952914415	11.9398
49.2174215771	11.9426
49.2395517127	11.9372
49.2616818483	11.9296
49.2838119839	11.9287
49.3059421195	11.9291
49.3280722551	11.9289
49.3502023907	11.9261
49.3723325263	11.9222
49.3944626619	11.9221
49.4165927975	11.922
49.4387229331	11.9225
49.4608530687	11.9224
49.4829832043	11.923
49.5051133399	11.9271
49.5272434755	11.9291
49.5493736111	11.9305
49.5715037467	11.933
49.5936338823	11.9337
49.6157640179	11.9373
49.6378941535	11.9408
49.6600242891	11.9429
49.6821544247	11.9431
49.7042845603	11.9405
49.7264146959	11.9409
49.7485448315	11.9323
49.7706749671	11.9071
49.7928051027	11.9015
49.8149352383	11.8889
49.8370653739	11.883
49.8591955095	11.8724
49.8813256452	11.8424
49.9034557808	11.8368
49.9255859164	11.8398
49.947716052	11.8386
49.9698461876	11.8353
49.9919763232	11.8292
50.0141064588	11.8259
50.0362365944	11.8274
50.05836673	11.8307
50.0804968656	11.8379
50.1026270012	11.8379
50.1247571368	11.8363
50.1468872724	11.8453
50.169017408	11.8492
50.1911475436	11.8548
50.2132776792	11.8441
50.2354078148	11.8317
50.2575379504	11.8264
50.279668086	11.825
50.3017982216	11.8238
50.3239283572	11.8063
50.3460584928	11.7943
50.3681886284	11.7772
50.390318764	11.7913
50.4124488996	11.8075
50.4345790352	11.8093
50.4567091708	11.8166
50.4788393064	11.8185
50.500969442	11.8327
50.5230995776	11.8382
50.5452297132	11.8382
50.5673598488	11.8482
50.5894899844	11.8525
50.61162012	11.8554
50.6337502556	11.8579
50.6558803912	11.8589
50.6780105268	11.8663
50.7001406624	11.8663
50.722270798	11.8618
50.7444009336	11.8628
50.7665310692	11.868
50.7886612048	11.8673
50.8107913404	11.842
50.832921476	11.8126
50.8550516116	11.7977
50.8771817472	11.7987
50.8993118828	11.7974
50.9214420184	11.7961
50.943572154	11.7946
50.9657022896	11.7945
50.9878324252	11.7943
51.0099625608	11.7946
51.0320926964	11.7932
51.054222832	11.7956
51.0763529676	11.7991
51.0984831032	11.8024
51.1206132388	11.8025
51.1427433744	11.8027
51.16487351	11.7975
51.1870036456	11.7836
51.2091337812	11.7755
51.2312639168	11.7708
51.2533940524	11.7704
51.275524188	11.7739
51.2976543236	11.777
51.3197844592	11.7793
51.3419145948	11.7764
51.3640447304	11.7794
51.386174866	11.7772
51.4083050016	11.7773
51.4304351372	11.7757
51.4525652728	11.7732
51.4746954084	11.7732
51.496825544	11.7672
51.5189556796	11.769
51.5410858152	11.7719
51.5632159508	11.7761
51.5853460864	11.7763
51.607476222	11.7656
51.6296063576	11.7592
51.6517364932	11.7581
51.6738666288	11.7599
51.6959967645	11.7413
51.7181269001	11.7406
51.7402570357	11.7471
51.7623871713	11.747
51.7845173069	11.7406
51.8066474425	11.7339
51.8287775781	11.7326
51.8509077137	11.7244
51.8730378493	11.7203
51.8951679849	11.7156
51.9172981205	11.7192
51.9394282561	11.726
51.9615583917	11.7383
51.9836885273	11.7436
52.0058186629	11.7443
52.0279487985	11.7441
52.0500789341	11.7423
52.0722090697	11.7357
52.0943392053	11.7336
52.1164693409	11.7373
52.1385994765	11.7269
52.1607296121	11.7344
52.1828597477	11.7318
52.2049898833	11.7247
52.2271200189	11.7356
52.2492501545	11.7429
52.2713802901	11.7701
52.2935104257	11.7935
52.3156405613	11.8311
52.3377706969	11.8275
52.3599008325	11.807
52.3820309681	11.8072
52.4041611037	11.825
52.4262912393	11.8368
52.4484213749	11.8158
52.4705515105	11.8083
52.4926816461	11.8129
52.5148117817	11.7934
52.5369419173	11.7921
52.5590720529	11.7899
52.5812021885	11.7755
52.6033323241	11.7748
52.6254624597	11.7637
52.6475925953	11.7642
52.6697227309	11.7612
52.6918528665	11.7597
52.7139830021	11.7552
52.7361131377	11.7548
52.7582432733	11.7538
52.7803734089	11.7549
52.8025035445	11.7554
52.8246336801	11.7554
52.8467638157	11.7537
52.8688939513	11.7509
52.8910240869	11.7508
52.9131542225	11.7502
52.9352843581	11.7422
52.9574144937	11.7303
52.9795446293	11.727
53.0016747649	11.7265
53.0238049005	11.7232
53.0459350361	11.7238
53.0680651717	11.7258
53.0901953073	11.7279
53.1123254429	11.7291
53.1344555785	11.7294
53.1565857141	11.7311
53.1787158497	11.7342
53.2008459853	11.734
53.2229761209	11.7345
53.2451062565	11.7406
53.2672363921	11.7445
53.2893665277	11.7466
53.3114966633	11.7486
53.3336267989	11.749
53.3557569345	11.7492
53.3778870701	11.7455
53.4000172057	11.7361
53.4221473413	11.728
53.4442774769	11.7184
53.4664076125	11.726
53.4885377481	11.7354
53.5106678838	11.7371
53.5327980194	11.7397
53.554928155	11.7398
53.5770582906	11.7431
53.5991884262	11.7495
53.6213185618	11.7532
53.6434486974	11.7545
53.665578833	11.7546
53.6877089686	11.7573
53.7098391042	11.7575
53.7319692398	11.7574
53.7540993754	11.755
53.776229511	11.7523
53.7983596466	11.7586
53.8204897822	11.7607
53.8426199178	11.7623
53.8647500534	11.7636
53.886880189	11.7641
53.9090103246	11.7669
53.9311404602	11.7687
53.9532705958	11.7687
53.9754007314	11.7695
53.997530867	11.7653
54.0196610026	11.7643
54.0417911382	11.7626
54.0639212738	11.7582
54.0860514094	11.7579
54.108181545	11.7561
54.1303116806	11.7573
54.1524418162	11.7572
54.1745719518	11.7564
54.1967020874	11.761
54.218832223	11.7636
54.2409623586	11.7709
54.2630924942	11.772
54.2852226298	11.7821
54.3073527654	11.7855
54.329482901	11.8104
54.3516130366	11.8235
54.3737431722	11.8306
54.3958733078	11.8247
54.4180034434	11.8146
54.440133579	11.7923
54.4622637146	11.7913
54.4843938502	11.7878
54.5065239858	11.7813
54.5286541214	11.7803
54.550784257	11.7806
54.5729143926	11.7858
54.5950445282	11.7913
54.6171746638	11.7925
54.6393047994	11.7889
54.661434935	11.7885
54.6835650706	11.7858
54.7056952062	11.7842
54.7278253418	11.784
54.7499554774	11.7936
54.772085613	11.788
54.7942157486	11.7492
54.8163458842	11.751
54.8384760198	11.7496
54.8606061554	11.7485
54.882736291	11.748
54.9048664266	11.7513
54.9269965622	11.761
54.9491266978	11.766
54.9712568334	11.7711
54.993386969	11.7714
55.0155171046	11.7735
55.0376472402	11.7756
55.0597773758	11.7804
55.0819075114	11.7803
55.104037647	11.7839
55.1261677826	11.7889
55.1482979182	11.7904
55.1704280538	11.7905
55.1925581894	11.7896
55.214688325	11.7858
55.2368184606	11.7845
55.2589485962	11.7828
55.2810787318	11.7738
55.3032088674	11.77
55.3253390031	11.7647
55.3474691387	11.7645
55.3695992743	11.7543
55.3917294099	11.7482
55.4138595455	11.7511
55.4359896811	11.752
55.4581198167	11.7492
55.4802499523	11.7498
55.5023800879	11.7516
55.5245102235	11.7518
55.5466403591	11.7439
55.5687704947	11.7438
55.5909006303	11.7494
55.6130307659	11.7565
55.6351609015	11.7591
55.6572910371	11.7599
55.6794211727	11.7692
55.7015513083	11.7795
55.7236814439	11.7812
55.7458115795	11.7825
55.7679417151	11.7849
55.7900718507	11.7886
55.8122019863	11.7868
55.8343321219	11.7864
55.8564622575	11.7873
55.8785923931	11.786
55.9007225287	11.782
55.9228526643	11.7607
55.9449827999	11.7611
55.9671129355	11.7543
55.9892430711	11.7591
56.0113732067	11.7639
56.0335033423	11.7663
56.0556334779	11.7676
56.0777636135	11.7674
56.0998937491	11.768
56.1220238847	11.7669
56.1441540203	11.7644
56.1662841559	11.7642
56.1884142915	11.762
56.2105444271	11.7546
56.2326745627	11.7537
56.2548046983	11.7509
56.2769348339	11.7512
56.2990649695	11.7516
56.3211951051	11.752
56.3433252407	11.7513
56.3654553763	11.7517
56.3875855119	11.7583
56.4097156475	11.7643
56.4318457831	11.7682
56.4539759187	11.7682
56.4761060543	11.7651
56.4982361899	11.7624
56.5203663255	11.76
56.5424964611	11.7575
56.5646265967	11.7554
56.5867567323	11.7545
56.6088868679	11.7545
56.6310170035	11.7561
56.6531471391	11.7598
56.6752772747	11.7621
56.6974074103	11.7645
56.7195375459	11.7562
56.7416676815	11.7533
56.7637978171	11.7407
56.7859279527	11.7606
56.8080580883	11.7755
56.8301882239	11.7816
56.8523183595	11.7825
56.8744484951	11.7859
56.8965786307	11.7828
56.9187087663	11.7846
56.9408389019	11.7694
56.9629690375	11.766
56.9850991731	11.7716
57.0072293087	11.769
57.0293594443	11.7705
57.0514895799	11.7704
57.0736197155	11.7721
57.0957498511	11.778
57.1178799867	11.7751
57.1400101224	11.767
57.162140258	11.7677
57.1842703936	11.7453
57.2064005292	11.7353
57.2285306648	11.7145
57.2506608004	11.7029
57.272790936	11.6979
57.2949210716	11.6973
57.3170512072	11.6973
57.3391813428	11.6904
57.3613114784	11.6862
57.383441614	11.6857
57.4055717496	11.6883
57.4277018852	11.6915
57.4498320208	11.6827
57.4719621564	11.7171
57.494092292	11.7433
57.5162224276	11.7588
57.5383525632	11.766
57.5604826988	11.7694
57.5826128344	11.7715
57.60474297	11.7717
57.6268731056	11.7941
57.6490032412	11.7978
57.6711333768	11.7994
57.6932635124	11.8138
57.715393648	11.8249
57.7375237836	11.8259
57.7596539192	11.8184
57.7817840548	11.8161
57.8039141904	11.815
57.826044326	11.8173
57.8481744616	11.8197
57.8703045972	11.8248
57.8924347328	11.8269
57.9145648684	11.8287
57.936695004	11.8367
57.9588251396	11.8396
57.9809552752	11.8417
58.0030854108	11.8386
58.0252155464	11.835
58.047345682	11.832
58.0694758176	11.831
58.0916059532	11.8283
58.1137360888	11.8171
58.1358662244	11.8138
58.15799636	11.8065
58.1801264956	11.8013
58.2022566312	11.7992
58.2243867668	11.7939
58.2465169024	11.7928
58.268647038	11.7915
58.2907771736	11.7936
58.3129073092	11.7935
58.3350374448	11.7848
58.3571675804	11.7779
58.379297716	11.7758
58.4014278516	11.7828
58.4235579872	11.7898
58.4456881228	11.7943
58.4678182584	11.7868
58.489948394	11.7846
58.5120785296	11.7532
58.5342086652	11.724
58.5563388008	11.7065
58.5784689364	11.705
58.600599072	11.7114
58.6227292076	11.7201
58.6448593432	11.7232
58.6669894788	11.7223
58.6891196144	11.721
58.71124975	11.7188
58.7333798856	11.7165
58.7555100212	11.7129
58.7776401568	11.7093
58.7997702924	11.7081
58.821900428	11.7076
58.8440305636	11.7069
58.8661606992	11.7046
58.8882908348	11.7036
58.9104209704	11.7026
58.932551106	11.7002
58.9546812417	11.6988
58.9768113773	11.6953
58.9989415129	11.6887
59.0210716485	11.6857
59.0432017841	11.6842
59.0653319197	11.6837
59.0874620553	11.6811
59.1095921909	11.6772
59.1317223265	11.6774
59.1538524621	11.6772
59.1759825977	11.6751
59.1981127333	11.6734
59.2202428689	11.677
59.2423730045	11.6836
59.2645031401	11.6888
59.2866332757	11.6926
59.3087634113	11.711
59.3308935469	11.7299
59.3530236825	11.7248
59.3751538181	11.7227
59.3972839537	11.7208
59.4194140893	11.7201
59.4415442249	11.7157
59.4636743605	11.7137
59.4858044961	11.7121
59.5079346317	11.7134
59.5300647673	11.7106
59.5521949029	11.7091
59.5743250385	11.7022
59.5964551741	11.7015
59.6185853097	11.7008
59.6407154453	11.7014
59.6628455809	11.7027
59.6849757165	11.7051
59.7071058521	11.7062
59.7292359877	11.7065
59.7513661233	11.7101
59.7734962589	11.7137
59.7956263945	11.716
59.8177565301	11.7161
59.8398866657	11.7161
59.8620168013	11.7181
59.8841469369	11.7138
59.9062770725	11.7123
59.9284072081	11.7058
59.9505373437	11.7123
59.9726674793	11.716
59.9947976149	11.7154
60.0169277505	11.719
60.0390578861	11.7225
60.0611880217	11.7239
60.0833181573	11.7284
60.1054482929	11.7308
60.1275784285	11.7318
60.1497085641	11.7289
60.1718386997	11.7297
60.1939688353	11.7279
60.2160989709	11.7339
60.2382291065	11.7335
60.2603592421	11.7319
60.2824893777	11.7399
60.3046195133	11.7541
60.3267496489	11.7612
60.3488797845	11.7648
60.3710099201	11.7704
60.3931400557	11.7718
60.4152701913	11.8028
60.4374003269	11.8382
60.4595304625	11.8494
60.4816605981	11.8646
60.5037907337	11.8767
60.5259208693	11.8782
60.5480510049	11.8842
60.5701811405	11.8876
60.5923112761	11.9067
60.6144414117	11.9136
60.6365715473	11.9115
60.6587016829	11.9126
60.6808318185	11.9207
60.7029619541	11.9209
60.7250920897	11.9291
60.7472222253	11.9426
60.769352361	11.9584
60.7914824966	11.9637
60.8136126322	11.9637
60.8357427678	11.9527
60.8578729034	11.9463
60.880003039	11.9412
60.9021331746	11.9346
60.9242633102	11.927
60.9463934458	11.9121
60.9685235814	11.9051
60.990653717	11.9028
61.0127838526	11.9043
61.0349139882	11.8995
61.0570441238	11.9021
61.0791742594	11.9015
61.101304395	11.9011
61.1234345306	11.9002
61.1455646662	11.8984
61.1676948018	11.8985
61.1898249374	11.8927
61.211955073	11.8888
61.2340852086	11.8856
61.2562153442	11.8866
61.2783454798	11.889
61.3004756154	11.8975
61.322605751	11.9056
61.3447358866	11.9125
61.3668660222	11.9268
61.3889961578	11.9159
61.4111262934	11.9062
61.433256429	11.8877
61.4553865646	11.8716
61.4775167002	11.8716
61.4996468358	11.8704
61.5217769714	11.8818
61.543907107	11.8912
61.5660372426	11.8845
61.5881673782	11.909
61.6102975138	11.9165
61.6324276494	11.9248
61.654557785	11.9262
61.6766879206	11.929
61.6988180562	11.9339
61.7209481918	11.946
61.7430783274	11.9522
61.765208463	11.9507
61.7873385986	11.9505
61.8094687342	11.9511
61.8315988698	11.9517
61.8537290054	11.952
61.875859141	11.9545
61.8979892766	11.9543
61.9201194122	11.9559
61.9422495478	11.9601
61.9643796834	11.9599
61.986509819	11.9637
62.0086399546	11.9749
62.0307700902	11.9827
62.0529002258	11.9855
62.0750303614	11.9828
62.097160497	11.9557
62.1192906326	11.9419
62.1414207682	11.9529
62.1635509038	11.9607
62.1856810394	11.966
62.207811175	11.9796
62.2299413106	11.9822
62.2520714462	11.986
62.2742015818	11.9873
62.2963317174	11.9968
62.318461853	12.0035
62.3405919886	12.0071
62.3627221242	12.0085
62.3848522598	12.0148
62.4069823954	12.0263
62.429112531	12.0255
62.4512426666	12.0246
62.4733728022	12.0104
62.4955029378	11.9959
62.5176330734	11.9852
62.539763209	11.9779
62.5618933446	11.9919
62.5840234803	12.032
62.6061536159	12.0409
62.6282837515	12.0489
62.6504138871	12.051
62.6725440227	12.0539
62.6946741583	12.0542
62.7168042939	12.0552
62.7389344295	12.069
62.7610645651	12.076
62.7831947007	12.0782
62.8053248363	12.0842
62.8274549719	12.0876
62.8495851075	12.0897
62.8717152431	12.0931
62.8938453787	12.1006
62.9159755143	12.1128
62.9381056499	12.1284
62.9602357855	12.1302
62.9823659211	12.1319
63.0044960567	12.1248
63.0266261923	12.1285
63.0487563279	12.1325
63.0708864635	12.1302
63.0930165991	12.1277
63.1151467347	12.1259
63.1372768703	12.125
63.1594070059	12.1182
63.1815371415	12.1145
63.2036672771	12.1161
63.2257974127	12.1238
63.2479275483	12.1316
63.2700576839	12.1172
63.2921878195	12.1173
63.3143179551	12.11
63.3364480907	12.1086
63.3585782263	12.1098
63.3807083619	12.1128
63.4028384975	12.1133
63.4249686331	12.1154
63.4470987687	12.1163
63.4692289043	12.1194
63.4913590399	12.1193
63.5134891755	12.1119
63.5356193111	12.1123
63.5577494467	12.112
63.5798795823	12.1176
63.6020097179	12.132
63.6241398535	12.137
63.6462699891	12.1389
63.6684001247	12.1402
63.6905302603	12.1415
63.7126603959	12.1442
63.7347905315	12.1473
63.7569206671	12.1478
63.7790508027	12.1489
63.8011809383	12.151
63.8233110739	12.153
63.8454412095	12.1526
63.8675713451	12.1552
63.8897014807	12.1593
63.9118316163	12.158
63.9339617519	12.1603
63.9560918875	12.1516
63.9782220231	12.1463
64.0003521587	12.1469
64.0224822943	12.1457
64.0446124299	12.1455
64.0667425655	12.1462
64.0888727011	12.144
64.1110028367	12.1437
64.1331329723	12.1461
64.1552631079	12.1504
64.1773932435	12.1539
64.1995233791	12.1582
64.2216535147	12.1597
64.2437836503	12.1595
64.2659137859	12.1568
64.2880439215	12.1578
64.3101740571	12.1587
64.3323041927	12.17
64.3544343283	12.1801
64.3765644639	12.1821
64.3986945996	12.1811
64.4208247352	12.1815
64.4429548708	12.1794
64.4650850064	12.1787
64.487215142	12.1789
64.5093452776	12.179
64.5314754132	12.1743
64.5536055488	12.1611
64.5757356844	12.1547
64.59786582	12.1545
64.6199959556	12.1626
64.6421260912	12.1665
64.6642562268	12.1686
64.6863863624	12.1687
64.708516498	12.1707
64.7306466336	12.1761
64.7527767692	12.1795
64.7749069048	12.182
64.7970370404	12.1826
64.819167176	12.1849
64.8412973116	12.1854
64.8634274472	12.1839
64.8855575828	12.1782
64.9076877184	12.1731
64.929817854	12.162
64.9519479896	12.1857
64.9740781252	12.1952
64.9962082608	12.2277
65.0183383964	12.2387
65.040468532	12.2355
65.0625986676	12.2349
65.0847288032	12.2343
65.1068589388	12.2317
65.1289890744	12.2263
65.15111921	12.2248
65.1732493456	12.2255
65.1953794812	12.2343
65.2175096168	12.235
65.2396397524	12.2368
65.261769888	12.2404
65.2839000236	12.2492
65.3060301592	12.2549
65.3281602948	12.2556
65.3502904304	12.2581
65.372420566	12.2631
65.3945507016	12.2638
65.4166808372	12.2678
65.4388109728	12.2687
65.4609411084	12.2852
65.483071244	12.3026
65.5052013796	12.3018
65.5273315152	12.3088
65.5494616508	12.3148
65.5715917864	12.315
65.593721922	12.3166
65.6158520576	12.3173
65.6379821932	12.3177
65.6601123288	12.3167
65.6822424644	12.3153
65.7043726	12.3116
65.7265027356	12.3104
65.7486328712	12.3104
65.7707630068	12.3128
65.7928931424	12.3135
65.815023278	12.3171
65.8371534136	12.3283
65.8592835492	12.334
65.8814136848	12.3347
65.9035438204	12.3396
65.925673956	12.344
65.9478040916	12.3425
65.9699342272	12.3434
65.9920643628	12.3523
66.0141944984	12.3544
66.036324634	12.3573
66.0584547696	12.3519
66.0805849052	12.3526
66.1027150408	12.352
66.1248451764	12.3541
66.146975312	12.3601
66.1691054476	12.3695
66.1912355832	12.3708
66.2133657189	12.373
66.2354958545	12.3765
66.2576259901	12.3792
66.2797561257	12.3796
66.3018862613	12.3828
66.3240163969	12.3894
66.3461465325	12.3979
66.3682766681	12.4079
66.3904068037	12.4153
66.4125369393	12.4194
66.4346670749	12.4217
66.4567972105	12.4301
66.4789273461	12.436
66.5010574817	12.4353
66.5231876173	12.4369
66.5453177529	12.4402
66.5674478885	12.4432
66.5895780241	12.4559
66.6117081597	12.464
66.6338382953	12.4661
66.6559684309	12.4694
66.6780985665	12.4729
66.7002287021	12.4777
66.7223588377	12.4763
66.7444889733	12.4757
66.7666191089	12.4767
66.7887492445	12.4745
66.8108793801	12.4715
66.8330095157	12.4637
66.8551396513	12.4581
66.8772697869	12.453
66.8993999225	12.4444
66.9215300581	12.4321
66.9436601937	12.428
66.9657903293	12.4176
66.9879204649	12.4104
67.0100506005	12.4178
67.0321807361	12.4296
67.0543108717	12.4318
67.0764410073	12.4332
67.0985711429	12.4225
67.1207012785	12.42
67.1428314141	12.4182
67.1649615497	12.4224
67.1870916853	12.4192
67.2092218209	12.4352
67.2313519565	12.4266
67.2534820921	12.4343
67.2756122277	12.4873
67.2977423633	12.5211
67.3198724989	12.5108
67.3420026345	12.5104
67.3641327701	12.5455
67.3862629057	12.6109
67.4083930413	12.6607
67.4305231769	12.6871
67.4526533125	12.6834
67.4747834481	12.6904
67.4969135837	12.7028
67.5190437193	12.7315
67.5411738549	12.7531
67.5633039905	12.7952
67.5854341261	12.8217
67.6075642617	12.8589
67.6296943973	12.9077
67.6518245329	12.9133
67.6739546685	12.917
67.6960848041	12.9358
67.7182149397	12.9492
67.7403450753	12.9548
67.7624752109	13.0034
67.7846053465	12.971
67.8067354821	12.9297
67.8288656177	12.9571
67.8509957533	12.9512
67.8731258889	12.9515
67.8952560245	12.8658
67.9173861601	12.717
67.9395162957	12.6324
67.9616464313	12.4878
67.9837765669	12.4082
68.0059067025	12.4059
68.0280368382	12.4079
68.0501669738	12.4035
68.0722971094	12.3962
68.094427245	12.3958
68.1165573806	12.3947
68.1386875162	12.3922
68.1608176518	12.394
68.1829477874	12.3997
68.205077923	12.4066
68.2272080586	12.4069
68.2493381942	12.4079
68.2714683298	12.4131
68.2935984654	12.4195
68.315728601	12.4197
68.3378587366	12.4163
68.3599888722	12.412
68.3821190078	12.4112
68.4042491434	12.411
68.426379279	12.4096
68.4485094146	12.408
68.4706395502	12.4062
68.4927696858	12.4138
68.5148998214	12.4222
68.537029957	12.4229
68.5591600926	12.4163
68.5812902282	12.4149
68.6034203638	12.4112
68.6255504994	12.416
68.647680635	12.4957
68.6698107706	12.4977
68.6919409062	12.4712
68.7140710418	12.4554
68.7362011774	12.4373
68.758331313	12.4285
68.7804614486	12.4199
68.8025915842	12.4211
68.8247217198	12.4151
68.8468518554	12.4126
68.868981991	12.4146
68.8911121266	12.4191
68.9132422622	12.4247
68.9353723978	12.4254
68.9575025334	12.4288
68.979632669	12.4383
69.0017628046	12.4409
69.0238929402	12.4415
69.0460230758	12.4476
69.0681532114	12.4467
69.090283347	12.4582
69.1124134826	12.4747
69.1345436182	12.4789
69.1566737538	12.4827
69.1788038894	12.4822
69.200934025	12.4817
69.2230641606	12.4815
69.2451942962	12.4826
69.2673244318	12.4836
69.2894545674	12.4826
69.311584703	12.4818
69.3337148386	12.4808
69.3558449742	12.4815
69.3779751098	12.482
69.4001052454	12.4833
69.422235381	12.4795
69.4443655166	12.4763
69.4664956522	12.4704
69.4886257878	12.4709
69.5107559234	12.4793
69.532886059	12.4861
69.5550161946	12.5049
69.5771463302	12.5075
69.5992764658	12.495
69.6214066014	12.4916
69.643536737	12.478
69.6656668726	12.4543
69.6877970082	12.4535
69.7099271438	12.4467
69.7320572794	12.4515
69.754187415	12.4521
69.7763175506	12.4533
69.7984476862	12.4523
69.8205778218	12.4518
69.8427079575	12.4514
69.8648380931	12.4523
69.8869682287	12.452
69.9090983643	12.4512
69.9312284999	12.4528
69.9533586355	12.453
69.9754887711	12.453
69.9976189067	12.454
70.0197490423	12.4533
70.0418791779	12.4529
70.0640093135	12.4479
70.0861394491	12.4468
70.1082695847	12.4463
70.1303997203	12.4435
70.1525298559	12.4425
70.1746599915	12.4423
70.1967901271	12.442
70.2189202627	12.4412
70.2410503983	12.4411
70.2631805339	12.441
70.2853106695	12.4412
70.3074408051	12.4408
70.3295709407	12.4431
70.3517010763	12.4451
70.3738312119	12.4444
70.3959613475	12.4461
70.4180914831	12.4483
70.4402216187	12.4494
70.4623517543	12.4571
70.4844818899	12.4558
70.5066120255	12.4582
70.5287421611	12.4564
70.5508722967	12.4571
70.5730024323	12.459
70.5951325679	12.4589
70.6172627035	12.4604
70.6393928391	12.4615
70.6615229747	12.4682
70.6836531103	12.4704
70.7057832459	12.4725
70.7279133815	12.4741
70.7500435171	12.4751
70.7721736527	12.4727
70.7943037883	12.473
70.8164339239	12.478
70.8385640595	12.4759
70.8606941951	12.48
70.8828243307	12.4811
70.9049544663	12.473
70.9270846019	12.4635
70.9492147375	12.4462
70.9713448731	12.4329
70.9934750087	12.4304
71.0156051443	12.4236
71.0377352799	12.4302
71.0598654155	12.4237
71.0819955511	12.44
71.1041256867	12.4708
71.1262558223	12.4765
71.1483859579	12.5052
71.1705160935	12.5108
71.1926462291	12.5888
71.2147763647	12.5502
71.2369065003	12.5168
71.2590366359	12.404
71.2811667715	12.3695
71.3032969071	12.4964
71.3254270427	12.5199
71.3475571783	12.539
71.3696873139	12.5332
71.3918174495	12.5916
71.4139475851	12.6038
71.4360777207	12.7806
71.4582078563	12.9414
71.4803379919	12.9647
71.5024681275	13.0115
71.5245982631	12.9271
71.5467283987	12.8676
71.5688585343	12.734
71.5909886699	12.7316
71.6131188055	12.7511
71.6352489411	12.7465
71.6573790768	12.7331
71.6795092124	12.7173
71.701639348	12.7612
71.7237694836	12.8137
71.7458996192	12.8371
71.7680297548	12.8658
71.7901598904	12.8329
71.812290026	12.6613
71.8344201616	12.5696
71.8565502972	12.4391
71.8786804328	12.4633
71.9008105684	12.4396
71.922940704	12.4327
71.9450708396	12.4276
71.9672009752	12.4238
71.9893311108	12.4181
72.0114612464	12.4162
72.033591382	12.4199
72.0557215176	12.4198
72.0778516532	12.4283
72.0999817888	12.4356
72.1221119244	12.4355
72.14424206	12.4389
72.1663721956	12.4364
72.1885023312	12.4381
72.2106324668	12.441
72.2327626024	12.4387
72.254892738	12.442
72.2770228736	12.4464
72.2991530092	12.4478
72.3212831448	12.4604
72.3434132804	12.4649
72.365543416	12.4705
72.3876735516	12.4786
72.4098036872	12.486
72.4319338228	12.4871
72.4540639584	12.4906
72.476194094	12.4974
72.4983242296	12.5036
72.5204543652	12.5052
72.5425845008	12.5077
72.5647146364	12.5116
72.586844772	12.5128
72.6089749076	12.5207
72.6311050432	12.5226
72.6532351788	12.5285
72.6753653144	12.5332
72.69749545	12.5359
72.7196255856	12.5396
72.7417557212	12.5408
72.7638858568	12.5464
72.7860159924	12.5502
72.808146128	12.5502
72.8302762636	12.5521
72.8524063992	12.5533
72.8745365348	12.5564
72.8966666704	12.5644
72.918796806	12.5709
72.9409269416	12.5797
72.9630570772	12.5853
72.9851872128	12.5878
73.0073173484	12.5955
73.029447484	12.5975
73.0515776196	12.599
73.0737077552	12.6217
73.0958378908	12.6232
73.1179680264	12.6253
73.140098162	12.6306
73.1622282976	12.6286
73.1843584332	12.632
73.2064885688	12.6342
73.2286187044	12.6384
73.25074884	12.6399
73.2728789756	12.6414
73.2950091112	12.645
73.3171392468	12.6455
73.3392693824	12.6453
73.361399518	12.6476
73.3835296536	12.6497
73.4056597892	12.6535
73.4277899248	12.6548
73.4499200604	12.6567
73.4720501961	12.66
73.4941803317	12.6657
73.5163104673	12.669
73.5384406029	12.6708
73.5605707385	12.6647
73.5827008741	12.6692
73.6048310097	12.6745
73.6269611453	12.6857
73.6490912809	12.6897
73.6712214165	12.6897
73.6933515521	12.6806
73.7154816877	12.6785
73.7376118233	12.6814
73.7597419589	12.6797
73.7818720945	12.6579
73.8040022301	12.6563
73.8261323657	12.656
73.8482625013	12.652
73.8703926369	12.6499
73.8925227725	12.6562
73.9146529081	12.6585
73.9367830437	12.6661
73.9589131793	12.6634
73.9810433149	12.6653
74.0031734505	12.6679
74.0253035861	12.6716
74.0474337217	12.6786
74.0695638573	12.6678
74.0916939929	12.6595
74.1138241285	12.6355
74.1359542641	12.6376
74.1580843997	12.6235
74.1802145353	12.6169
74.2023446709	12.6175
74.2244748065	12.6298
74.2466049421	12.6301
74.2687350777	12.6246
74.2908652133	12.613
74.3129953489	12.6061
74.3351254845	12.5947
74.3572556201	12.5879
74.3793857557	12.5886
74.4015158913	12.5995
74.4236460269	12.6242
74.4457761625	12.6243
74.4679062981	12.6109
74.4900364337	12.6383
74.5121665693	12.6222
74.5342967049	12.6096
74.5564268405	12.6113
74.5785569761	12.6047
74.6006871117	12.5992
74.6228172473	12.5869
74.6449473829	12.5865
74.6670775185	12.5819
74.6892076541	12.5777
74.7113377897	12.5873
74.7334679253	12.5875
74.7555980609	12.5987
74.7777281965	12.6006
74.7998583321	12.6009
74.8219884677	12.6103
74.8441186033	12.6607
74.8662487389	12.7487
74.8883788745	12.7326
74.9105090101	12.7585
74.9326391457	12.7987
74.9547692813	12.8186
74.9768994169	12.8356
74.9990295525	12.8348
75.0211596881	12.8452
75.0432898237	12.8696
75.0654199593	12.88
75.0875500949	12.8914
75.1096802305	12.8696
75.1318103661	12.8374
75.1539405017	12.8324
75.1760706373	12.8326
75.1982007729	12.8328
75.2203309085	12.8307
75.2424610441	12.7858
75.2645911797	12.6633
75.2867213154	12.6164
75.308851451	12.6014
75.3309815866	12.6126
75.3531117222	12.6101
75.3752418578	12.61
75.3973719934	12.6068
75.419502129	12.5993
75.4416322646	12.5778
75.4637624002	12.5496
75.4858925358	12.5364
75.5080226714	12.5295
75.530152807	12.5327
75.5522829426	12.5305
75.5744130782	12.5229
75.5965432138	12.5195
75.6186733494	12.5191
75.640803485	12.5284
75.6629336206	12.526
75.6850637562	12.5234
75.7071938918	12.5239
75.7293240274	12.5355
75.751454163	12.5419
75.7735842986	12.5435
75.7957144342	12.5444
75.8178445698	12.5484
75.8399747054	12.5488
75.862104841	12.5491
75.8842349766	12.5517
75.9063651122	12.5526
75.9284952478	12.5592
75.9506253834	12.5574
75.972755519	12.5665
75.9948856546	12.5678
76.0170157902	12.5763
76.0391459258	12.5791
76.0612760614	12.5808
76.083406197	12.5805
76.1055363326	12.5788
76.1276664682	12.5697
76.1497966038	12.5659
76.1719267394	12.5639
76.194056875	12.569
76.2161870106	12.5701
76.2383171462	12.5692
76.2604472818	12.5664
76.2825774174	12.5583
76.304707553	12.5545
76.3268376886	12.5503
76.3489678242	12.5469
76.3710979598	12.5404
76.3932280954	12.5284
76.415358231	12.5267
76.4374883666	12.5215
76.4596185022	12.5205
76.4817486378	12.5168
76.5038787734	12.5166
76.526008909	12.5159
76.5481390446	12.5238
76.5702691802	12.5276
76.5923993158	12.537
76.6145294514	12.5415
76.636659587	12.5424
76.6587897226	12.5524
76.6809198582	12.5686
76.7030499938	12.575
76.7251801294	12.5829
76.747310265	12.5859
76.7694404006	12.5925
76.7915705362	12.6029
76.8137006718	12.6092
76.8358308074	12.6204
76.857960943	12.6321
76.8800910786	12.6374
76.9022212142	12.6382
76.9243513498	12.6378
76.9464814854	12.6377
76.968611621	12.6448
76.9907417566	12.6535
77.0128718922	12.66
77.0350020278	12.6596
77.0571321634	12.6564
77.079262299	12.6546
77.1013924347	12.6529
77.1235225703	12.6488
77.1456527059	12.651
77.1677828415	12.6476
77.1899129771	12.6241
77.2120431127	12.6207
77.2341732483	12.625
77.2563033839	12.6238
77.2784335195	12.6279
77.3005636551	12.627
77.3226937907	12.6324
77.3448239263	12.6374
77.3669540619	12.6406
77.3890841975	12.6466
77.4112143331	12.655
77.4333444687	12.6511
77.4554746043	12.6541
77.4776047399	12.6561
77.4997348755	12.6683
77.5218650111	12.6582
77.5439951467	12.6495
77.5661252823	12.6559
77.5882554179	12.6535
77.6103855535	12.6528
77.6325156891	12.6507
77.6546458247	12.643
77.6767759603	12.6447
77.6989060959	12.6418
77.7210362315	12.64
77.7431663671	12.6435
77.7652965027	12.6409
77.7874266383	12.6462
77.8095567739	12.6505
77.8316869095	12.6587
77.8538170451	12.6606
77.8759471807	12.6721
77.8980773163	12.6787
77.9202074519	12.6638
77.9423375875	12.6624
77.9644677231	12.6537
77.9865978587	12.6523
78.0087279943	12.6477
78.0308581299	12.644
78.0529882655	12.642
78.0751184011	12.6387
78.0972485367	12.6344
78.1193786723	12.6263
78.1415088079	12.6259
78.1636389435	12.6241
78.1857690791	12.6207
78.2078992147	12.6188
78.2300293503	12.6195
78.2521594859	12.6191
78.2742896215	12.6191
78.2964197571	12.6204
78.3185498927	12.6229
78.3406800283	12.6237
78.3628101639	12.6298
78.3849402995	12.6354
78.4070704351	12.64
78.4292005707	12.6422
78.4513307063	12.6418
78.4734608419	12.6423
78.4955909775	12.6426
78.5177211131	12.6489
78.5398512487	12.6531
78.5619813843	12.6569
78.5841115199	12.6584
78.6062416555	12.6625
78.6283717911	12.6629
78.6505019267	12.6592
78.6726320623	12.6568
78.6947621979	12.6557
78.7168923335	12.6554
78.7390224691	12.6627
78.7611526047	12.6702
78.7832827403	12.674
78.8054128759	12.6712
78.8275430115	12.6681
78.8496731471	12.6685
78.8718032827	12.6706
78.8939334183	12.673
78.916063554	12.6778
78.9381936896	12.6777
78.9603238252	12.677
78.9824539608	12.6753
79.0045840964	12.6728
79.026714232	12.6742
79.0488443676	12.6733
79.0709745032	12.663
79.0931046388	12.6582
79.1152347744	12.6512
79.13736491	12.6499
79.1594950456	12.6447
79.1816251812	12.6403
79.2037553168	12.6343
79.2258854524	12.6316
79.248015588	12.6317
79.2701457236	12.6339
79.2922758592	12.6359
79.3144059948	12.6376
79.3365361304	12.6455
79.358666266	12.65
79.3807964016	12.662
79.4029265372	12.668
79.4250566728	12.6633
79.4471868084	12.6588
79.469316944	12.6536
79.4914470796	12.6501
79.5135772152	12.6443
79.5357073508	12.6494
79.5578374864	12.6479
79.579967622	12.6442
79.6020977576	12.6405
79.6242278932	12.6222
79.6463580288	12.6201
79.6684881644	12.6659
79.6906183	12.7006
79.7127484356	12.7095
79.7348785712	12.7013
79.7570087068	12.6731
79.7791388424	12.6473
79.801268978	12.6211
79.8233991136	12.6203
79.8455292492	12.628
79.8676593848	12.6448
79.8897895204	12.6379
79.911919656	12.6274
79.9340497916	12.6134
79.9561799272	12.6089
79.9783100628	12.6061
80.0004401984	12.5999
80.022570334	12.5959
80.0447004696	12.5955
80.0668306052	12.5937
80.0889607408	12.5888
80.1110908764	12.5866
80.133221012	12.5794
80.1553511476	12.5735
80.1774812832	12.5649
80.1996114188	12.5582
80.2217415544	12.5563
80.24387169	12.5524
80.2660018256	12.5426
80.2881319612	12.5375
80.3102620968	12.5326
80.3323922324	12.5287
80.354522368	12.5205
80.3766525036	12.5161
80.3987826392	12.513
80.4209127748	12.5098
80.4430429104	12.5083
80.465173046	12.5058
80.4873031816	12.5049
80.5094333172	12.5041
80.5315634528	12.5031
80.5536935884	12.5014
80.575823724	12.4985
80.5979538596	12.4955
80.6200839952	12.4946
80.6422141308	12.4919
80.6643442664	12.4929
80.686474402	12.4928
80.7086045376	12.4945
80.7307346733	12.4964
80.7528648089	12.4917
80.7749949445	12.4893
80.7971250801	12.4857
80.8192552157	12.4827
80.8413853513	12.4818
80.8635154869	12.4803
80.8856456225	12.4837
80.9077757581	12.4708
80.9299058937	12.4637
80.9520360293	12.4586
80.9741661649	12.4547
80.9962963005	12.4495
81.0184264361	12.4425
81.0405565717	12.439
81.0626867073	12.4367
81.0848168429	12.4366
81.1069469785	12.4361
81.1290771141	12.4419
81.1512072497	12.4474
81.1733373853	12.4478
81.1954675209	12.4424
81.2175976565	12.4406
81.2397277921	12.4242
81.2618579277	12.4101
81.2839880633	12.4028
81.3061181989	12.4008
81.3282483345	12.3993
81.3503784701	12.4016
81.3725086057	12.4027
81.3946387413	12.4034
81.4167688769	12.4114
81.4388990125	12.4202
81.4610291481	12.4205
81.4831592837	12.4248
81.5052894193	12.4268
81.5274195549	12.4324
81.5495496905	12.4441
81.5716798261	12.45
81.5938099617	12.4477
81.6159400973	12.4611
81.6380702329	12.4695
81.6602003685	12.474
81.6823305041	12.466
81.7044606397	12.4939
81.7265907753	12.502
81.7487209109	12.5033
81.7708510465	12.5029
81.7929811821	12.4988
81.8151113177	12.4931
81.8372414533	12.4733
81.8593715889	12.4547
81.8815017245	12.3845
81.9036318601	12.3419
81.9257619957	12.311
81.9478921313	12.3159
81.9700222669	12.3192
81.9921524025	12.3373
82.0142825381	12.3222
82.0364126737	12.2572
82.0585428093	12.1406
82.0806729449	12.121
82.1028030805	12.1049
82.1249332161	12.1064
82.1470633517	12.1135
82.1691934873	12.1199
82.1913236229	12.1309
82.2134537585	12.1346
82.2355838941	12.1435
82.2577140297	12.1527
82.2798441653	12.1724
82.3019743009	12.1908
82.3241044365	12.2128
82.3462345721	12.2461
82.3683647077	12.2554
82.3904948433	12.2764
82.4126249789	12.3258
82.4347551145	12.3781
82.4568852501	12.5216
82.4790153857	12.6605
82.5011455213	12.7164
82.5232756569	12.659
82.5454057926	12.6055
82.5675359282	12.6509
82.5896660638	12.6541
82.6117961994	12.5927
82.633926335	12.5687
82.6560564706	12.5449
82.6781866062	12.5275
82.7003167418	12.529
82.7224468774	12.5438
82.744577013	12.5688
82.7667071486	12.5753
82.7888372842	12.5754
82.8109674198	12.572
82.8330975554	12.5631
82.855227691	12.5465
82.8773578266	12.5351
82.8994879622	12.5308
82.9216180978	12.5243
82.9437482334	12.5226
82.965878369	12.5267
82.9880085046	12.5193
83.0101386402	12.52
83.0322687758	12.518
83.0543989114	12.526
83.076529047	12.5312
83.0986591826	12.5394
83.1207893182	12.523
83.1429194538	12.5056
83.1650495894	12.496
83.187179725	12.4953
83.2093098606	12.4939
83.2314399962	12.49
83.2535701318	12.4888
83.2757002674	12.4889
83.297830403	12.4866
83.3199605386	12.4849
83.3420906742	12.4847
83.3642208098	12.4847
83.3863509454	12.49
83.408481081	12.4989
83.4306112166	12.4942
83.4527413522	12.4868
83.4748714878	12.4752
83.4970016234	12.4721
83.519131759	12.4712
83.5412618946	12.4661
83.5633920302	12.4695
83.5855221658	12.4684
83.6076523014	12.469
83.629782437	12.4658
83.6519125726	12.4605
83.6740427082	12.4555
83.6961728438	12.4479
83.7183029794	12.4469
83.740433115	12.4474
83.7625632506	12.4286
83.7846933862	12.413
83.8068235218	12.4177
83.8289536574	12.4202
83.851083793	12.4202
83.8732139286	12.4139
83.8953440642	12.4085
83.9174741998	12.4009
83.9396043354	12.3955
83.961734471	12.3893
83.9838646066	12.3882
84.0059947422	12.3832
84.0281248778	12.3775
84.0502550134	12.3762
84.072385149	12.3698
84.0945152846	12.3617
84.1166454202	12.3612
84.1387755558	12.363
84.1609056914	12.361
84.183035827	12.3551
84.2051659626	12.356
84.2272960982	12.3656
84.2494262338	12.3812
84.2715563694	12.3794
84.293686505	12.378
84.3158166406	12.3896
84.3379467762	12.3989
84.3600769119	12.403
84.3822070475	12.4017
84.4043371831	12.4061
84.4264673187	12.4058
84.4485974543	12.3944
84.4707275899	12.3925
84.4928577255	12.3847
84.5149878611	12.3916
84.5371179967	12.3991
84.5592481323	12.4101
84.5813782679	12.4235
84.6035084035	12.4275
84.6256385391	12.4207
84.6477686747	12.4207
84.6698988103	12.4058
84.6920289459	12.4027
84.7141590815	12.3772
84.7362892171	12.3589
84.7584193527	12.3674
84.7805494883	12.3697
84.8026796239	12.3714
84.8248097595	12.3677
84.8469398951	12.3725
84.8690700307	12.3831
84.8912001663	12.3881
84.9133303019	12.3921
84.9354604375	12.3952
84.9575905731	12.397
84.9797207087	12.3957
85.0018508443	12.3902
85.0239809799	12.387
85.0461111155	12.3867
85.0682412511	12.3801
85.0903713867	12.3738
85.1125015223	12.3747
85.1346316579	12.373
85.1567617935	12.3719
85.1788919291	12.3654
85.2010220647	12.3622
85.2231522003	12.3631
85.2452823359	12.3642
85.2674124715	12.3638
85.2895426071	12.3634
85.3116727427	12.3618
85.3338028783	12.3636
85.3559330139	12.3711
85.3780631495	12.3895
85.4001932851	12.402
85.4223234207	12.4094
85.4444535563	12.4083
85.4665836919	12.3789
85.4887138275	12.3596
85.5108439631	12.348
85.5329740987	12.3684
85.5551042343	12.361
85.5772343699	12.3478
85.5993645055	12.3478
85.6214946411	12.3475
85.6436247767	12.3485
85.6657549123	12.3505
85.6878850479	12.3515
85.7100151835	12.356
85.7321453191	12.3564
85.7542754547	12.3576
85.7764055903	12.3608
85.7985357259	12.3609
85.8206658615	12.3605
85.8427959971	12.3586
85.8649261327	12.3581
85.8870562683	12.3586
85.9091864039	12.3593
85.9313165395	12.3615
85.9534466751	12.3616
85.9755768107	12.3607
85.9977069463	12.3585
86.0198370819	12.359
86.0419672175	12.3596
86.0640973531	12.3609
86.0862274887	12.3628
86.1083576243	12.361
86.1304877599	12.3588
86.1526178955	12.3597
86.1747480312	12.3596
86.1968781668	12.3599
86.2190083024	12.3604
86.241138438	12.3616
86.2632685736	12.363
86.2853987092	12.3644
86.3075288448	12.364
86.3296589804	12.3651
86.351789116	12.361
86.3739192516	12.363
86.3960493872	12.3599
86.4181795228	12.3566
86.4403096584	12.3531
86.462439794	12.3492
86.4845699296	12.3455
86.5067000652	12.3423
86.5288302008	12.3365
86.5509603364	12.332
86.573090472	12.3292
86.5952206076	12.3271
86.6173507432	12.3304
86.6394808788	12.3334
86.6616110144	12.3366
86.68374115	12.3348
86.7058712856	12.3329
86.7280014212	12.3333
86.7501315568	12.3327
86.7722616924	12.3307
86.794391828	12.3295
86.8165219636	12.3252
86.8386520992	12.3286
86.8607822348	12.3332
86.8829123704	12.3372
86.905042506	12.3295
86.9271726416	12.3286
86.9493027772	12.3215
86.9714329128	12.3216
86.9935630484	12.3275
87.015693184	12.3232
87.0378233196	12.3157
87.0599534552	12.3082
87.0820835908	12.3084
87.1042137264	12.3272
87.126343862	12.3201
87.1484739976	12.3238
87.1706041332	12.3214
87.1927342688	12.3196
87.2148644044	12.3197
87.23699454	12.3274
87.2591246756	12.3331
87.2812548112	12.3357
87.3033849468	12.3346
87.3255150824	12.3282
87.347645218	12.3144
87.3697753536	12.3089
87.3919054892	12.2989
87.4140356248	12.3022
87.4361657604	12.2989
87.458295896	12.2972
87.4804260316	12.2973
87.5025561672	12.2955
87.5246863028	12.2961
87.5468164384	12.2913
87.568946574	12.2761
87.5910767096	12.2677
87.6132068452	12.2549
87.6353369808	12.2593
87.6574671164	12.2637
87.679597252	12.2586
87.7017273876	12.2585
87.7238575232	12.26
87.7459876588	12.2609
87.7681177944	12.2607
87.79024793	12.2625
87.8123780656	12.2594
87.8345082012	12.2459
87.8566383368	12.2442
87.8787684724	12.2429
87.900898608	12.243
87.9230287436	12.235
87.9451588792	12.2258
87.9672890149	12.2084
87.9894191505	12.2019
88.0115492861	12.202
88.0336794217	12.2116
88.0558095573	12.2125
88.0779396929	12.2108
88.1000698285	12.2124
88.1221999641	12.2169
88.1443300997	12.2138
88.1664602353	12.1978
88.1885903709	12.1754
88.2107205065	12.1458
88.2328506421	12.1455
88.2549807777	12.1566
88.2771109133	12.157
88.2992410489	12.1562
88.3213711845	12.153
88.3435013201	12.1561
88.3656314557	12.1684
88.3877615913	12.173
88.4098917269	12.1733
88.4320218625	12.1951
88.4541519981	12.2044
88.4762821337	12.1962
88.4984122693	12.2021
88.5205424049	12.2021
88.5426725405	12.2254
88.5648026761	12.2517
88.5869328117	12.2536
88.6090629473	12.2587
88.6311930829	12.2575
88.6533232185	12.2657
88.6754533541	12.2676
88.6975834897	12.245
88.7197136253	12.2312
88.7418437609	12.2046
88.7639738965	12.1958
88.7861040321	12.1832
88.8082341677	12.1825
88.8303643033	12.1776
88.8524944389	12.1776
88.8746245745	12.1685
88.8967547101	12.1862
88.9188848457	12.2156
88.9410149813	12.2164
88.9631451169	12.2176
88.9852752525	12.2317
89.0074053881	12.2291
89.0295355237	12.2124
89.0516656593	12.2022
89.0737957949	12.2016
89.0959259305	12.2075
89.1180560661	12.2168
89.1401862017	12.2249
89.1623163373	12.2107
89.1844464729	12.2114
89.2065766085	12.2109
89.2287067441	12.1908
89.2508368797	12.1726
89.2729670153	12.16
89.2950971509	12.1336
89.3172272865	12.1269
89.3393574221	12.1167
89.3614875577	12.1326
89.3836176933	12.1435
89.4057478289	12.1564
89.4278779645	12.1561
89.4500081001	12.1511
89.4721382357	12.1368
89.4942683713	12.1283
89.5163985069	12.1282
89.5385286425	12.1294
89.5606587781	12.1296
89.5827889137	12.1311
89.6049190493	12.1283
89.6270491849	12.1269
89.6491793205	12.1264
89.6713094561	12.1211
89.6934395917	12.1195
89.7155697273	12.1197
89.7376998629	12.1194
89.7598299985	12.1145
89.7819601342	12.114
89.8040902698	12.1106
89.8262204054	12.1249
89.848350541	12.1307
89.8704806766	12.143
89.8926108122	12.1727
89.9147409478	12.1593
89.9368710834	12.2497
89.959001219	12.3164
89.9811313546	12.3347
90.0032614902	12.361
90.0253916258	12.3729
90.0475217614	12.3795
90.069651897	12.3907
90.0917820326	12.393
90.1139121682	12.3831
90.1360423038	12.3802
90.1581724394	12.3819
90.180302575	12.3755
90.2024327106	12.368
90.2245628462	12.3588
90.2466929818	12.3574
90.2688231174	12.3574
90.290953253	12.3581
90.3130833886	12.3612
90.3352135242	12.3608
90.3573436598	12.3571
90.3794737954	12.3544
90.401603931	12.3581
90.4237340666	12.3643
90.4458642022	12.3683
90.4679943378	12.3711
90.4901244734	12.3723
90.512254609	12.3771
90.5343847446	12.3841
90.5565148802	12.3853
90.5786450158	12.3874
90.6007751514	12.3864
90.622905287	12.3838
90.6450354226	12.3817
90.6671655582	12.3811
90.6892956938	12.3806
90.7114258294	12.3799
90.733555965	12.3798
90.7556861006	12.3805
90.7778162362	12.381
90.7999463718	12.3841
90.8220765074	12.3826
90.844206643	12.3827
90.8663367786	12.3762
90.8884669142	12.3782
90.9105970498	12.3809
90.9327271854	12.392
90.954857321	12.3996
90.9769874566	12.4096
90.9991175922	12.4129
91.0212477278	12.4163
91.0433778634	12.4149
91.065507999	12.4152
91.0876381346	12.4108
91.1097682702	12.4093
91.1318984058	12.4112
91.1540285414	12.4139
91.176158677	12.4186
91.1982888126	12.4247
91.2204189482	12.4251
91.2425490838	12.4258
91.2646792194	12.4257
91.286809355	12.4265
91.3089394906	12.4305
91.3310696262	12.4415
91.3531997618	12.4489
91.3753298974	12.4501
91.397460033	12.4595
91.4195901686	12.4752
91.4417203042	12.4872
91.4638504398	12.483
91.4859805754	12.4814
91.508110711	12.4823
91.5302408466	12.4843
91.5523709822	12.4815
91.5745011178	12.4777
91.5966312535	12.4784
91.6187613891	12.4774
91.6408915247	12.4762
91.6630216603	12.4749
91.6851517959	12.4724
91.7072819315	12.4724
91.7294120671	12.471
91.7515422027	12.469
91.7736723383	12.4664
91.7958024739	12.4601
91.8179326095	12.4518
91.8400627451	12.4496
91.8621928807	12.4437
91.8843230163	12.4419
91.9064531519	12.4356
91.9285832875	12.4321
91.9507134231	12.4318
91.9728435587	12.4253
91.9949736943	12.4219
92.0171038299	12.4162
92.0392339655	12.4118
92.0613641011	12.4101
92.0834942367	12.406
92.1056243723	12.4066
92.1277545079	12.412
92.1498846435	12.4095
92.1720147791	12.4133
92.1941449147	12.4183
92.2162750503	12.4357
92.2384051859	12.4414
92.2605353215	12.4464
92.2826654571	12.4504
92.3047955927	12.4533
92.3269257283	12.4539
92.3490558639	12.4562
92.3711859995	12.4591
92.3933161351	12.4701
92.4154462707	12.4752
92.4375764063	12.4796
92.4597065419	12.5021
92.4818366775	12.5097
92.5039668131	12.5285
92.5260969487	12.5317
92.5482270843	12.5212
92.5703572199	12.5311
92.5924873555	12.5472
92.6146174911	12.5364
92.6367476267	12.5376
92.6588777623	12.5404
92.6810078979	12.5448
92.7031380335	12.5513
92.7252681691	12.5608
92.7473983047	12.5597
92.7695284403	12.5448
92.7916585759	12.5371
92.8137887115	12.5395
92.8359188471	12.5411
92.8580489827	12.5417
92.8801791183	12.5437
92.9023092539	12.5448
92.9244393895	12.5532
92.9465695251	12.5565
92.9686996607	12.5528
92.9908297963	12.566
93.0129599319	12.5647
93.0350900675	12.5611
93.0572202031	12.5648
93.0793503387	12.556
93.1014804743	12.5586
93.1236106099	12.5573
93.1457407455	12.5605
93.1678708811	12.5637
93.1900010167	12.5623
93.2121311523	12.5631
93.2342612879	12.5617
93.2563914235	12.563
93.2785215591	12.5644
93.3006516947	12.582
93.3227818303	12.6031
93.3449119659	12.5991
93.3670421015	12.6028
93.3891722371	12.5736
93.4113023728	12.5862
93.4334325084	12.5914
93.455562644	12.5858
93.4776927796	12.5816
93.4998229152	12.5771
93.5219530508	12.574
93.5440831864	12.5751
93.566213322	12.5742
93.5883434576	12.5726
93.6104735932	12.5761
93.6326037288	12.5754
93.6547338644	12.5822
93.676864	12.5707
93.6989941356	12.5687
93.7211242712	12.5711
93.7432544068	12.5712
93.7653845424	12.5751
93.787514678	12.5725
93.8096448136	12.568
93.8317749492	12.5632
93.8539050848	12.5622
93.8760352204	12.5616
93.898165356	12.564
93.9202954916	12.5659
93.9424256272	12.5681
93.9645557628	12.5694
93.9866858984	12.572
94.008816034	12.5755
94.0309461696	12.5761
94.0530763052	12.5785
94.0752064408	12.5831
94.0973365764	12.5829
94.119466712	12.5849
94.1415968476	12.585
94.1637269832	12.5877
94.1858571188	12.588
94.2079872544	12.5855
94.23011739	12.5836
94.2522475256	12.5833
94.2743776612	12.5831
94.2965077968	12.5855
94.3186379324	12.5869
94.340768068	12.5896
94.3628982036	12.5893
94.3850283392	12.5855
94.4071584748	12.5745
94.4292886104	12.5744
94.451418746	12.6008
94.4735488816	12.6146
94.4956790172	12.6105
94.5178091528	12.6113
94.5399392884	12.618
94.562069424	12.6205
94.5841995596	12.6221
94.6063296952	12.6227
94.6284598308	12.6366
94.6505899664	12.6383
94.672720102	12.6369
94.6948502376	12.6422
94.7169803732	12.6536
94.7391105088	12.6516
94.7612406444	12.6513
94.78337078	12.6384
94.8055009156	12.6308
94.8276310512	12.6256
94.8497611868	12.6244
94.8718913224	12.6201
94.894021458	12.6163
94.9161515936	12.6105
94.9382817292	12.5988
94.9604118648	12.59
94.9825420004	12.585
95.004672136	12.5769
95.0268022716	12.5752
95.0489324072	12.5701
95.0710625428	12.5696
95.0931926784	12.5601
95.115322814	12.5564
95.1374529496	12.5558
95.1595830852	12.5475
95.1817132208	12.5358
95.2038433564	12.5348
95.2259734921	12.5302
95.2481036277	12.5349
95.2702337633	12.5363
95.2923638989	12.5371
95.3144940345	12.539
95.3366241701	12.5389
95.3587543057	12.5439
95.3808844413	12.5441
95.4030145769	12.5428
95.4251447125	12.5424
95.4472748481	12.5417
