0.0	12.7249
0.0228011590303	12.735
0.0456023180606	12.7432
0.0684034770909	12.7436
0.0912046361213	12.7419
0.114005795152	12.7388
0.136806954182	12.739
0.159608113212	12.7361
0.182409272243	12.7337
0.205210431273	12.7336
0.228011590303	12.7351
0.250812749333	12.7388
0.273613908364	12.7428
0.296415067394	12.7479
0.319216226424	12.7471
0.342017385455	12.7473
0.364818544485	12.7317
0.387619703515	12.7258
0.410420862546	12.7232
0.433222021576	12.7138
0.456023180606	12.7081
0.478824339637	12.7008
0.501625498667	12.6978
0.524426657697	12.6875
0.547227816728	12.6612
0.570028975758	12.6494
0.592830134788	12.6496
0.615631293819	12.67
0.638432452849	12.6842
0.661233611879	12.714
0.684034770909	12.6963
0.70683592994	12.6851
0.72963708897	12.6826
0.752438248	12.6648
0.775239407031	12.649
0.798040566061	12.6407
0.820841725091	12.6496
0.843642884122	12.6383
0.866444043152	12.6585
0.889245202182	12.6627
0.912046361213	12.6544
0.934847520243	12.6124
0.957648679273	12.5977
0.980449838304	12.5967
1.00325099733	12.6035
1.02605215636	12.62
1.04885331539	12.6333
1.07165447442	12.6463
1.09445563346	12.6596
1.11725679249	12.6769
1.14005795152	12.6889
1.16285911055	12.694
1.18566026958	12.7047
1.20846142861	12.7161
1.23126258764	12.7095
1.25406374667	12.6973
1.2768649057	12.6884
1.29966606473	12.6857
1.32246722376	12.6865
1.34526838279	12.6871
1.36806954182	12.6897
1.39087070085	12.6907
1.41367185988	12.6918
1.43647301891	12.6937
1.45927417794	12.6973
1.48207533697	12.6992
1.504876496	12.7006
1.52767765503	12.704
1.55047881406	12.7073
1.57327997309	12.7096
1.59608113212	12.7127
1.61888229115	12.7134
1.64168345018	12.7146
1.66448460921	12.7153
1.68728576824	12.7171
1.71008692727	12.7033
1.7328880863	12.7008
1.75568924533	12.6992
1.77849040436	12.6942
1.80129156339	12.6925
1.82409272243	12.693
1.84689388146	12.6959
1.86969504049	12.6958
1.89249619952	12.6975
1.91529735855	12.6938
1.93809851758	12.6918
1.96089967661	12.6866
1.98370083564	12.6763
2.00650199467	12.674
2.0293031537	12.6712
2.05210431273	12.6667
2.07490547176	12.6666
2.09770663079	12.6657
2.12050778982	12.665
2.14330894885	12.6638
2.16611010788	12.662
2.18891126691	12.6599
2.21171242594	12.6588
2.23451358497	12.6545
2.257314744	12.6477
2.28011590303	12.6467
2.30291706206	12.6408
2.32571822109	12.6404
2.34851938012	12.6452
2.37132053915	12.6469
2.39412169818	12.6492
2.41692285721	12.6413
2.43972401624	12.6349
2.46252517527	12.6342
2.4853263343	12.6322
2.50812749333	12.6297
2.53092865236	12.6289
2.5537298114	12.6207
2.57653097043	12.6177
2.59933212946	12.6166
2.62213328849	12.612
2.64493444752	12.6103
2.66773560655	12.6088
2.69053676558	12.6097
2.71333792461	12.6108
2.73613908364	12.6129
2.75894024267	12.6138
2.7817414017	12.6155
2.80454256073	12.6156
2.82734371976	12.6165
2.85014487879	12.6179
2.87294603782	12.6184
2.89574719685	12.6191
2.91854835588	12.6211
2.94134951491	12.6222
2.96415067394	12.6233
2.98695183297	12.6261
3.009752992	12.6285
3.03255415103	12.63
3.05535531006	12.6351
3.07815646909	12.6393
3.10095762812	12.6398
3.12375878715	12.6458
3.14655994618	12.6624
3.16936110521	12.6761
3.19216226424	12.6776
3.21496342327	12.6688
3.2377645823	12.6742
3.26056574134	12.664
3.28336690037	12.6572
3.3061680594	12.6606
3.32896921843	12.6565
3.35177037746	12.6485
3.37457153649	12.6457
3.39737269552	12.6423
3.42017385455	12.6359
3.44297501358	12.6315
3.46577617261	12.6226
3.48857733164	12.6199
3.51137849067	12.6194
3.5341796497	12.6125
3.55698080873	12.5927
3.57978196776	12.5833
3.60258312679	12.5824
3.62538428582	12.587
3.64818544485	12.5943
3.67098660388	12.5916
3.69378776291	12.5959
3.71658892194	12.598
3.73939008097	12.5991
3.76219124	12.5973
3.78499239903	12.5927
3.80779355806	12.5922
3.83059471709	12.5881
3.85339587612	12.5769
3.87619703515	12.5706
3.89899819418	12.5628
3.92179935321	12.5579
3.94460051224	12.5534
3.96740167127	12.555
3.99020283031	12.5541
4.01300398934	12.5539
4.03580514837	12.5557
4.0586063074	12.5583
4.08140746643	12.5627
4.10420862546	12.5618
4.12700978449	12.5546
4.14981094352	12.5641
4.17261210255	12.5584
4.19541326158	12.5513
4.21821442061	12.5524
4.24101557964	12.5519
4.26381673867	12.5504
4.2866178977	12.547
4.30941905673	12.5455
4.33222021576	12.5441
4.35502137479	12.5385
4.37782253382	12.5365
4.40062369285	12.5383
4.42342485188	12.5392
4.44622601091	12.5381
4.46902716994	12.5415
4.49182832897	12.5482
4.514629488	12.5533
4.53743064703	12.5506
4.56023180606	12.5477
4.58303296509	12.5493
4.60583412412	12.5458
4.62863528315	12.5433
4.65143644218	12.5349
4.67423760121	12.524
4.69703876024	12.5141
4.71983991928	12.5097
4.74264107831	12.502
4.76544223734	12.4844
4.78824339637	12.4806
4.8110445554	12.488
4.83384571443	12.503
4.85664687346	12.5177
4.87944803249	12.5266
4.90224919152	12.5249
4.92505035055	12.5176
4.94785150958	12.5156
4.97065266861	12.5149
4.99345382764	12.5134
5.01625498667	12.5106
5.0390561457	12.5088
5.06185730473	12.5041
5.08465846376	12.4985
5.10745962279	12.4939
5.13026078182	12.4823
5.15306194085	12.4828
5.17586309988	12.4785
5.19866425891	12.4753
5.22146541794	12.4885
5.24426657697	12.5187
5.267067736	12.531
5.28986889503	12.5387
5.31267005406	12.5374
5.33547121309	12.5356
5.35827237212	12.5325
5.38107353115	12.5336
5.40387469018	12.5304
5.42667584921	12.5368
5.44947700825	12.5447
5.47227816728	12.5492
5.49507932631	12.5579
5.51788048534	12.5574
5.54068164437	12.5447
5.5634828034	12.5155
5.58628396243	12.4996
5.60908512146	12.4995
5.63188628049	12.523
5.65468743952	12.5421
5.67748859855	12.5333
5.70028975758	12.556
5.72309091661	12.6056
5.74589207564	12.6104
5.76869323467	12.622
5.7914943937	12.623
5.81429555273	12.6229
5.83709671176	12.6093
5.85989787079	12.6015
5.88269902982	12.6061
5.90550018885	12.6269
5.92830134788	12.622
5.95110250691	12.5178
5.97390366594	12.4553
5.99670482497	12.3731
6.019505984	12.3316
6.04230714303	12.3407
6.06510830206	12.3657
6.08790946109	12.4023
6.11071062012	12.4202
6.13351177915	12.4274
6.15631293819	12.4311
6.17911409722	12.4361
6.20191525625	12.4462
6.22471641528	12.4497
6.24751757431	12.4559
6.27031873334	12.4539
6.29311989237	12.4568
6.3159210514	12.463
6.33872221043	12.4625
6.36152336946	12.4533
6.38432452849	12.4295
6.40712568752	12.4217
6.42992684655	12.3936
6.45272800558	12.3573
6.47552916461	12.3543
6.49833032364	12.3735
6.52113148267	12.3766
6.5439326417	12.3542
6.56673380073	12.3435
6.58953495976	12.3331
6.61233611879	12.3237
6.63513727782	12.3223
6.65793843685	12.3221
6.68073959588	12.3172
6.70354075491	12.3129
6.72634191394	12.3106
6.74914307297	12.3056
6.771944232	12.3024
6.79474539103	12.3023
6.81754655006	12.3018
6.84034770909	12.2942
6.86314886812	12.3043
6.88595002716	12.3109
6.90875118619	12.3113
6.93155234522	12.3189
6.95435350425	12.3238
6.97715466328	12.3296
6.99995582231	12.3359
7.02275698134	12.3357
7.04555814037	12.3413
7.0683592994	12.3531
7.09116045843	12.357
7.11396161746	12.3591
7.13676277649	12.366
7.15956393552	12.374
7.18236509455	12.3771
7.20516625358	12.3777
7.22796741261	12.3847
7.25076857164	12.3941
7.27356973067	12.3984
7.2963708897	12.4033
7.31917204873	12.4209
7.34197320776	12.4224
7.36477436679	12.4242
7.38757552582	12.4214
7.41037668485	12.4232
7.43317784388	12.4293
7.45597900291	12.4151
7.47878016194	12.4014
7.50158132097	12.4345
7.52438248	12.387
7.54718363903	12.2261
7.56998479806	12.077
7.59278595709	12.1259
7.61558711613	12.2048
7.63838827516	12.2348
7.66118943419	12.2684
7.68399059322	12.2906
7.70679175225	12.3043
7.72959291128	12.3261
7.75239407031	12.3483
7.77519522934	12.3649
7.79799638837	12.3808
7.8207975474	12.3881
7.84359870643	12.4042
7.86639986546	12.4028
7.88920102449	12.3981
7.91200218352	12.4104
7.93480334255	12.4017
7.95760450158	12.3942
7.98040566061	12.3955
8.00320681964	12.3998
8.02600797867	12.3908
8.0488091377	12.3728
8.07161029673	12.3771
8.09441145576	12.3449
8.11721261479	12.318
8.14001377382	12.3181
8.16281493285	12.3118
8.18561609188	12.3112
8.20841725091	12.3109
8.23121840994	12.2947
8.25401956897	12.2712
8.276820728	12.2688
8.29962188703	12.2561
8.32242304607	12.2501
8.3452242051	12.2501
8.36802536413	12.2509
8.39082652316	12.2508
8.41362768219	12.2477
8.43642884122	12.2467
8.45923000025	12.2426
8.48203115928	12.2395
8.50483231831	12.2291
8.52763347734	12.2271
8.55043463637	12.2346
8.5732357954	12.241
8.59603695443	12.2498
8.61883811346	12.2535
8.64163927249	12.2568
8.66444043152	12.2587
8.68724159055	12.2561
8.71004274958	12.2551
8.73284390861	12.24
8.75564506764	12.2343
8.77844622667	12.2401
8.8012473857	12.2512
8.82404854473	12.2617
8.84684970376	12.2595
8.86965086279	12.2424
8.89245202182	12.2464
8.91525318085	12.2464
8.93805433988	12.2463
8.96085549891	12.246
8.98365665794	12.2479
9.00645781697	12.2435
9.029258976	12.2411
9.05206013504	12.2466
9.07486129407	12.2459
9.0976624531	12.2567
9.12046361213	12.2609
9.14326477116	12.2392
9.16606593019	12.2497
9.18886708922	12.256
9.21166824825	12.2532
9.23446940728	12.2576
9.25727056631	12.2696
9.28007172534	12.2724
9.30287288437	12.2781
9.3256740434	12.2809
9.34847520243	12.282
9.37127636146	12.2841
9.39407752049	12.2864
9.41687867952	12.2907
9.43967983855	12.2928
9.46248099758	12.2947
9.48528215661	12.2938
9.50808331564	12.2939
9.53088447467	12.2932
9.5536856337	12.2848
9.57648679273	12.2774
9.59928795176	12.2712
9.62208911079	12.2757
9.64489026982	12.276
9.66769142885	12.2786
9.69049258788	12.2792
9.71329374691	12.2765
9.73609490594	12.2833
9.75889606497	12.2936
9.78169722401	12.2977
9.80449838304	12.3029
9.82729954207	12.3062
9.8501007011	12.3123
9.87290186013	12.3157
9.89570301916	12.3253
9.91850417819	12.3371
9.94130533722	12.3401
9.96410649625	12.3439
9.98690765528	12.3512
10.0097088143	12.3535
10.0325099733	12.3568
10.0553111324	12.3622
10.0781122914	12.3696
10.1009134504	12.3737
10.1237146095	12.3747
10.1465157685	12.3808
10.1693169275	12.3755
10.1921180866	12.3723
10.2149192456	12.3775
10.2377204046	12.3708
10.2605215636	12.3774
10.2833227227	12.4578
10.3061238817	12.4632
10.3289250407	12.4733
10.3517261998	12.5216
10.3745273588	12.5489
10.3973285178	12.5758
10.4201296769	12.585
10.4429308359	12.5865
10.4657319949	12.5869
10.4885331539	12.5905
10.511334313	12.5942
10.534135472	12.5934
10.556936631	12.5799
10.5797377901	12.5809
10.6025389491	12.5745
10.6253401081	12.5814
10.6481412672	12.5946
10.6709424262	12.5963
10.6937435852	12.5962
10.7165447442	12.5973
10.7393459033	12.5987
10.7621470623	12.5994
10.7849482213	12.594
10.8077493804	12.5888
10.8305505394	12.5823
10.8533516984	12.5698
10.8761528575	12.5664
10.8989540165	12.5466
10.9217551755	12.5289
10.9445563346	12.5358
10.9673574936	12.5267
10.9901586526	12.5172
11.0129598116	12.5181
11.0357609707	12.5085
11.0585621297	12.4999
11.0813632887	12.4912
11.1041644478	12.4664
11.1269656068	12.3948
11.1497667658	12.3907
11.1725679249	12.4111
11.1953690839	12.4644
11.2181702429	12.4833
11.2409714019	12.5047
11.263772561	12.5095
11.28657372	12.5177
11.309374879	12.5249
11.3321760381	12.53
11.3549771971	12.5309
11.3777783561	12.5296
11.4005795152	12.5311
11.4233806742	12.5274
11.4461818332	12.5128
11.4689829922	12.4918
11.4917841513	12.4838
11.5145853103	12.4903
11.5373864693	12.5043
11.5601876284	12.5087
11.5829887874	12.4954
11.6057899464	12.4894
11.6285911055	12.4846
11.6513922645	12.4827
11.6741934235	12.4823
11.6969945826	12.4828
11.7197957416	12.4837
11.7425969006	12.4831
11.7653980596	12.4862
11.7881992187	12.4862
11.8110003777	12.4907
11.8338015367	12.491
11.8566026958	12.492
11.8794038548	12.4964
11.9022050138	12.4953
11.9250061729	12.488
11.9478073319	12.4892
11.9706084909	12.4882
11.9934096499	12.4936
12.016210809	12.4991
12.039011968	12.4992
12.061813127	12.4995
12.0846142861	12.5012
12.1074154451	12.4961
12.1302166041	12.4896
12.1530177632	12.479
12.1758189222	12.4749
12.1986200812	12.4687
12.2214212402	12.4566
12.2442223993	12.4486
12.2670235583	12.4472
12.2898247173	12.4442
12.3126258764	12.4391
12.3354270354	12.4349
12.3582281944	12.4349
12.3810293535	12.4347
12.4038305125	12.4381
12.4266316715	12.4451
12.4494328306	12.4484
12.4722339896	12.4549
12.4950351486	12.4589
12.5178363076	12.4594
12.5406374667	12.4575
12.5634386257	12.457
12.5862397847	12.4573
12.6090409438	12.4568
12.6318421028	12.4582
12.6546432618	12.4616
12.6774444209	12.4617
12.7002455799	12.4718
12.7230467389	12.4917
12.7458478979	12.5
12.768649057	12.507
12.791450216	12.505
12.814251375	12.5075
12.8370525341	12.5109
12.8598536931	12.5113
12.8826548521	12.5132
12.9054560112	12.5197
12.9282571702	12.522
12.9510583292	12.5188
12.9738594882	12.5177
12.9966606473	12.5131
13.0194618063	12.508
13.0422629653	12.5076
13.0650641244	12.5043
13.0878652834	12.5031
13.1106664424	12.503
13.1334676015	12.5028
13.1562687605	12.501
13.1790699195	12.5019
13.2018710786	12.4944
13.2246722376	12.4884
13.2474733966	12.492
13.2702745556	12.4968
13.2930757147	12.5062
13.3158768737	12.5108
13.3386780327	12.5122
13.3614791918	12.5093
13.3842803508	12.5066
13.4070815098	12.5049
13.4298826689	12.4812
13.4526838279	12.4545
13.4754849869	12.4422
13.4982861459	12.4311
13.521087305	12.429
13.543888464	12.4254
13.566689623	12.4187
13.5894907821	12.4172
13.6122919411	12.4091
13.6350931001	12.3964
13.6578942592	12.3878
13.6806954182	12.386
13.7034965772	12.3839
13.7262977362	12.387
13.7490988953	12.3871
13.7719000543	12.4047
13.7947012133	12.4323
13.8175023724	12.4492
13.8403035314	12.4414
13.8631046904	12.4487
13.8859058495	12.4614
13.9087070085	12.4619
13.9315081675	12.4609
13.9543093266	12.4589
13.9771104856	12.457
13.9999116446	12.4514
14.0227128036	12.4456
14.0455139627	12.4474
14.0683151217	12.4456
14.0911162807	12.4448
14.1139174398	12.4447
14.1367185988	12.4377
14.1595197578	12.43
14.1823209169	12.4247
14.2051220759	12.4226
14.2279232349	12.4222
14.2507243939	12.4298
14.273525553	12.4413
14.296326712	12.4574
14.319127871	12.4718
14.3419290301	12.4672
14.3647301891	12.469
14.3875313481	12.4665
14.4103325072	12.464
14.4331336662	12.4646
14.4559348252	12.4668
14.4787359843	12.4673
14.5015371433	12.4685
14.5243383023	12.471
14.5471394613	12.4698
14.5699406204	12.471
14.5927417794	12.4737
14.6155429384	12.4735
14.6383440975	12.4753
14.6611452565	12.4742
14.6839464155	12.4601
14.7067475746	12.4481
14.7295487336	12.4335
14.7523498926	12.4367
14.7751510516	12.4551
14.7979522107	12.4639
14.8207533697	12.4633
14.8435545287	12.4655
14.8663556878	12.4713
14.8891568468	12.4714
14.9119580058	12.471
14.9347591649	12.4657
14.9575603239	12.4662
14.9803614829	12.4598
15.0031626419	12.449
15.025963801	12.4459
15.04876496	12.4451
15.071566119	12.4493
15.0943672781	12.4503
15.1171684371	12.4497
15.1399695961	12.4348
15.1627707552	12.4298
15.1855719142	12.4266
15.2083730732	12.4314
15.2311742323	12.4364
15.2539753913	12.4424
15.2767765503	12.4468
15.2995777093	12.4543
15.3223788684	12.4573
15.3451800274	12.4577
15.3679811864	12.4589
15.3907823455	12.4602
15.4135835045	12.4601
15.4363846635	12.4566
15.4591858226	12.4498
15.4819869816	12.4407
15.5047881406	12.4341
15.5275892996	12.4335
15.5503904587	12.4296
15.5731916177	12.4403
15.5959927767	12.4734
15.6187939358	12.4748
15.6415950948	12.4411
15.6643962538	12.4247
15.6871974129	12.4282
15.7099985719	12.4252
15.7327997309	12.4233
15.7556008899	12.4181
15.778402049	12.4058
15.801203208	12.3938
15.824004367	12.3908
15.8468055261	12.3919
15.8696066851	12.3829
15.8924078441	12.371
15.9152090032	12.3709
15.9380101622	12.3775
15.9608113212	12.3862
15.9836124803	12.387
16.0064136393	12.3875
16.0292147983	12.3966
16.0520159573	12.4087
16.0748171164	12.4158
16.0976182754	12.4208
16.1204194344	12.4231
16.1432205935	12.4239
16.1660217525	12.4271
16.1888229115	12.4346
16.2116240706	12.4379
16.2344252296	12.4448
16.2572263886	12.4513
16.2800275476	12.4531
16.3028287067	12.4551
16.3256298657	12.4601
16.3484310247	12.4658
16.3712321838	12.4795
16.3940333428	12.4876
16.4168345018	12.4982
16.4396356609	12.5007
16.4624368199	12.5074
16.4852379789	12.5103
16.5080391379	12.5117
16.530840297	12.5081
16.553641456	12.5063
16.576442615	12.5075
16.5992437741	12.5075
16.6220449331	12.5075
16.6448460921	12.5076
16.6676472512	12.5048
16.6904484102	12.4979
16.7132495692	12.4953
16.7360507283	12.4949
16.7588518873	12.4942
16.7816530463	12.4928
16.8044542053	12.4912
16.8272553644	12.4975
16.8500565234	12.5028
16.8728576824	12.5039
16.8956588415	12.5046
16.9184600005	12.5056
16.9412611595	12.5067
16.9640623186	12.5046
16.9868634776	12.5263
17.0096646366	12.5365
17.0324657956	12.5427
17.0552669547	12.5465
17.0780681137	12.5493
17.1008692727	12.5523
17.1236704318	12.5489
17.1464715908	12.5466
17.1692727498	12.5461
17.1920739089	12.5473
17.2148750679	12.5473
17.2376762269	12.5492
17.2604773859	12.5509
17.283278545	12.5538
17.306079704	12.5616
17.328880863	12.5692
17.3516820221	12.5754
17.3744831811	12.5806
17.3972843401	12.5766
17.4200854992	12.5697
17.4428866582	12.5651
17.4656878172	12.5571
17.4884889763	12.5455
17.5112901353	12.5225
17.5340912943	12.5092
17.5568924533	12.5062
17.5796936124	12.5029
17.6024947714	12.495
17.6252959304	12.4906
17.6480970895	12.4895
17.6708982485	12.4873
17.6936994075	12.4836
17.7165005666	12.4819
17.7393017256	12.4814
17.7621028846	12.478
17.7849040436	12.477
17.8077052027	12.4773
17.8305063617	12.4828
17.8533075207	12.4928
17.8761086798	12.497
17.8989098388	12.5029
17.9217109978	12.5155
17.9445121569	12.5124
17.9673133159	12.5119
17.9901144749	12.5081
18.0129156339	12.5048
18.035716793	12.5062
18.058517952	12.5119
18.081319111	12.5126
18.1041202701	12.5232
18.1269214291	12.531
18.1497225881	12.5318
18.1725237472	12.5362
18.1953249062	12.5446
18.2181260652	12.5481
18.2409272243	12.55
18.2637283833	12.5547
18.2865295423	12.5579
18.3093307013	12.5582
18.3321318604	12.5609
18.3549330194	12.5539
18.3777341784	12.5522
18.4005353375	12.5578
18.4233364965	12.5695
18.4461376555	12.573
18.4689388146	12.5738
18.4917399736	12.575
18.5145411326	12.5757
18.5373422916	12.5773
18.5601434507	12.5792
18.5829446097	12.5817
18.6057457687	12.5881
18.6285469278	12.5924
18.6513480868	12.5987
18.6741492458	12.5967
18.6969504049	12.5914
18.7197515639	12.5752
18.7425527229	12.5753
18.7653538819	12.5726
18.788155041	12.5806
18.8109562	12.5841
18.833757359	12.5842
18.8565585181	12.5873
18.8793596771	12.5892
18.9021608361	12.5912
18.9249619952	12.5913
18.9477631542	12.5908
18.9705643132	12.5895
18.9933654723	12.5898
19.0161666313	12.5895
19.0389677903	12.5978
19.0617689493	12.6079
19.0845701084	12.6033
19.1073712674	12.6086
19.1301724264	12.6207
19.1529735855	12.6281
19.1757747445	12.6142
19.1985759035	12.613
19.2213770626	12.6221
19.2441782216	12.6305
19.2669793806	12.6362
19.2897805396	12.6368
19.3125816987	12.6389
19.3353828577	12.6454
19.3581840167	12.6586
19.3809851758	12.672
19.4037863348	12.7009
19.4265874938	12.7217
19.4493886529	12.7271
19.4721898119	12.7272
19.4949909709	12.7207
19.5177921299	12.7168
19.540593289	12.7165
19.563394448	12.7167
19.586195607	12.7191
19.6089967661	12.7205
19.6317979251	12.7214
19.6545990841	12.7203
19.6774002432	12.7198
19.7002014022	12.7184
19.7230025612	12.7192
19.7458037203	12.7176
19.7686048793	12.7139
19.7914060383	12.7143
19.8142071973	12.7195
19.8370083564	12.7351
19.8598095154	12.7447
19.8826106744	12.7483
19.9054118335	12.7468
19.9282129925	12.7465
19.9510141515	12.7456
19.9738153106	12.7433
19.9966164696	12.7441
20.0194176286	12.7451
20.0422187876	12.7455
20.0650199467	12.7489
20.0878211057	12.754
20.1106222647	12.754
20.1334234238	12.7519
20.1562245828	12.7498
20.1790257418	12.7504
20.2018269009	12.7501
20.2246280599	12.7445
20.2474292189	12.7392
20.270230378	12.7362
20.293031537	12.737
20.315832696	12.7353
20.338633855	12.7328
20.3614350141	12.7322
20.3842361731	12.7319
20.4070373321	12.7333
20.4298384912	12.7347
20.4526396502	12.7383
20.4754408092	12.742
20.4982419683	12.7447
20.5210431273	12.7436
20.5438442863	12.7472
20.5666454453	12.7408
20.5894466044	12.7397
20.6122477634	12.7497
20.6350489224	12.7485
20.6578500815	12.7419
20.6806512405	12.7313
20.7034523995	12.7362
20.7262535586	12.7409
20.7490547176	12.7441
20.7718558766	12.7523
20.7946570356	12.7568
20.8174581947	12.7595
20.8402593537	12.7578
20.8630605127	12.7589
20.8858616718	12.7612
20.9086628308	12.7724
20.9314639898	12.7857
20.9542651489	12.7951
20.9770663079	12.8003
20.9998674669	12.8016
21.022668626	12.7953
21.045469785	12.7921
21.068270944	12.7884
21.091072103	12.7817
21.1138732621	12.7814
21.1366744211	12.7784
21.1594755801	12.7726
21.1822767392	12.7753
21.2050778982	12.7783
21.2278790572	12.7785
21.2506802163	12.7791
21.2734813753	12.7699
21.2962825343	12.7546
21.3190836933	12.7561
21.3418848524	12.752
21.3646860114	12.7535
21.3874871704	12.7549
21.4102883295	12.7533
21.4330894885	12.7602
21.4558906475	12.769
21.4786918066	12.7722
21.5014929656	12.7781
21.5242941246	12.7862
21.5470952836	12.7886
21.5698964427	12.788
21.5926976017	12.7921
21.6154987607	12.7978
21.6382999198	12.8003
21.6611010788	12.8011
21.6839022378	12.8013
21.7067033969	12.8024
21.7295045559	12.8064
21.7523057149	12.8091
21.775106874	12.8105
21.797908033	12.811
21.820709192	12.8161
21.843510351	12.8213
21.8663115101	12.8237
21.8891126691	12.8265
21.9119138281	12.8276
21.9347149872	12.8276
21.9575161462	12.8245
21.9803173052	12.8209
22.0031184643	12.8196
22.0259196233	12.8199
22.0487207823	12.8171
22.0715219413	12.8139
22.0943231004	12.8143
22.1171242594	12.8131
22.1399254184	12.816
22.1627265775	12.8153
22.1855277365	12.8149
22.2083288955	12.8155
22.2311300546	12.8148
22.2539312136	12.815
22.2767323726	12.8163
22.2995335316	12.8186
22.3223346907	12.8187
22.3451358497	12.8198
22.3679370087	12.8406
22.3907381678	12.8418
22.4135393268	12.8354
22.4363404858	12.8265
22.4591416449	12.8235
22.4819428039	12.8236
22.5047439629	12.8301
22.527545122	12.8359
22.550346281	12.8412
22.57314744	12.8441
22.595948599	12.8448
22.6187497581	12.8446
22.6415509171	12.8432
22.6643520761	12.8391
22.6871532352	12.8367
22.7099543942	12.836
22.7327555532	12.8321
22.7555567123	12.8289
22.7783578713	12.8267
22.8011590303	12.8221
22.8239601893	12.8197
22.8467613484	12.8207
22.8695625074	12.8332
22.8923636664	12.8515
22.9151648255	12.8641
22.9379659845	12.859
22.9607671435	12.85
22.9835683026	12.8512
23.0063694616	12.8553
23.0291706206	12.8558
23.0519717796	12.8612
23.0747729387	12.8656
23.0975740977	12.877
23.1203752567	12.8723
23.1431764158	12.854
23.1659775748	12.8545
23.1887787338	12.8565
23.2115798929	12.8621
23.2343810519	12.8704
23.2571822109	12.8686
23.27998337	12.8622
23.302784529	12.8547
23.325585688	12.8527
23.348386847	12.8524
23.3711880061	12.8483
23.3939891651	12.8484
23.4167903241	12.8505
23.4395914832	12.8578
23.4623926422	12.8673
23.4851938012	12.8758
23.5079949603	12.8865
23.5307961193	12.9001
23.5535972783	12.9044
23.5763984373	12.9072
23.5991995964	12.9054
23.6220007554	12.9063
23.6448019144	12.9049
23.6676030735	12.9001
23.6904042325	12.8958
23.7132053915	12.8862
23.7360065506	12.8818
23.7588077096	12.8786
23.7816088686	12.8728
23.8044100276	12.8723
23.8272111867	12.875
23.8500123457	12.8719
23.8728135047	12.875
23.8956146638	12.8779
23.9184158228	12.8744
23.9412169818	12.8772
23.9640181409	12.881
23.9868192999	12.8856
24.0096204589	12.8841
24.032421618	12.8859
24.055222777	12.8852
24.078023936	12.8852
24.100825095	12.8918
24.1236262541	12.8964
24.1464274131	12.8972
24.1692285721	12.898
24.1920297312	12.9004
24.2148308902	12.9042
24.2376320492	12.9065
24.2604332083	12.9107
24.2832343673	12.9127
24.3060355263	12.9143
24.3288366853	12.9227
24.3516378444	12.9263
24.3744390034	12.9292
24.3972401624	12.9307
24.4200413215	12.9303
24.4428424805	12.9352
24.4656436395	12.9377
24.4884447986	12.9365
24.5112459576	12.9411
24.5340471166	12.9523
24.5568482756	12.9592
24.5796494347	12.9599
24.6024505937	12.9678
24.6252517527	12.9893
24.6480529118	12.9975
24.6708540708	12.9994
24.6936552298	13.0079
24.7164563889	13.0086
24.7392575479	13.0114
24.7620587069	13.0177
24.784859866	13.019
24.807661025	13.0286
24.830462184	13.0355
24.853263343	13.0426
24.8760645021	13.0494
24.8988656611	13.0553
24.9216668201	13.0623
24.9444679792	13.0643
24.9672691382	13.0681
24.9900702972	13.0754
25.0128714563	13.0806
25.0356726153	13.0925
25.0584737743	13.1104
25.0812749333	13.1133
25.1040760924	13.1195
25.1268772514	13.1309
25.1496784104	13.1372
25.1724795695	13.1402
25.1952807285	13.1462
25.2180818875	13.1559
25.2408830466	13.1677
25.2636842056	13.1687
25.2864853646	13.1696
25.3092865236	13.1789
25.3320876827	13.1936
25.3548888417	13.2022
25.3776900007	13.2036
25.4004911598	13.2152
25.4232923188	13.2204
25.4460934778	13.2215
25.4688946369	13.2332
25.4916957959	13.2559
25.5144969549	13.2641
25.537298114	13.276
25.560099273	13.2814
25.582900432	13.2832
25.605701591	13.2942
25.6285027501	13.3064
25.6513039091	13.3107
25.6741050681	13.3163
25.6969062272	13.3197
25.7197073862	13.3223
25.7425085452	13.3297
25.7653097043	13.3338
25.7881108633	13.3386
25.8109120223	13.3453
25.8337131813	13.3498
25.8565143404	13.3559
25.8793154994	13.3583
25.9021166584	13.3643
25.9249178175	13.3725
25.9477189765	13.3785
25.9705201355	13.3875
25.9933212946	13.4011
26.0161224536	13.4074
26.0389236126	13.4248
26.0617247717	13.4359
26.0845259307	13.4374
26.1073270897	13.4338
26.1301282487	13.4341
26.1529294078	13.4342
26.1757305668	13.434
26.1985317258	13.4358
26.2213328849	13.442
26.2441340439	13.445
26.2669352029	13.4602
26.289736362	13.4657
26.312537521	13.4701
26.33533868	13.4789
26.358139839	13.4858
26.3809409981	13.4871
26.4037421571	13.4883
26.4265433161	13.4973
26.4493444752	13.4983
26.4721456342	13.5028
26.4949467932	13.512
26.5177479523	13.5168
26.5405491113	13.5233
26.5633502703	13.5325
26.5861514293	13.538
26.6089525884	13.5493
26.6317537474	13.5619
26.6545549064	13.5678
26.6773560655	13.5691
26.7001572245	13.584
26.7229583835	13.5859
26.7457595426	13.5874
26.7685607016	13.5941
26.7913618606	13.6034
26.8141630197	13.608
26.8369641787	13.6115
26.8597653377	13.6124
26.8825664967	13.6169
26.9053676558	13.6235
26.9281688148	13.6227
26.9509699738	13.6241
26.9737711329	13.6478
26.9965722919	13.6508
27.0193734509	13.6559
27.04217461	13.6704
27.064975769	13.6874
27.087776928	13.6966
27.110578087	13.6984
27.1333792461	13.7069
27.1561804051	13.7167
27.1789815641	13.7237
27.2017827232	13.7321
27.2245838822	13.7358
27.2473850412	13.7389
27.2701862003	13.747
27.2929873593	13.7568
27.3157885183	13.7611
27.3385896773	13.7629
27.3613908364	13.7673
27.3841919954	13.7749
27.4069931544	13.7876
27.4297943135	13.7926
27.4525954725	13.7954
27.4753966315	13.8038
27.4981977906	13.8111
27.5209989496	13.8135
27.5438001086	13.8244
27.5666012677	13.8344
27.5894024267	13.8354
27.6122035857	13.8405
27.6350047447	13.8524
27.6578059038	13.8617
27.6806070628	13.8669
27.7034082218	13.8789
27.7262093809	13.8863
27.7490105399	13.8898
27.7718116989	13.8964
27.794612858	13.9053
27.817414017	13.9109
27.840215176	13.9195
27.863016335	13.922
27.8858174941	13.9327
27.9086186531	13.9442
27.9314198121	13.9459
27.9542209712	13.9525
27.9770221302	13.9656
27.9998232892	13.9673
28.0226244483	13.9773
28.0454256073	13.9825
28.0682267663	13.9883
28.0910279253	13.9916
28.1138290844	13.9927
28.1366302434	13.9981
28.1594314024	14.0024
28.1822325615	14.0095
28.2050337205	14.0206
28.2278348795	14.0236
28.2506360386	14.0261
28.2734371976	14.0327
28.2962383566	14.0366
28.3190395157	14.0412
28.3418406747	14.0545
28.3646418337	14.0678
28.3874429927	14.0751
28.4102441518	14.0755
28.4330453108	14.0729
28.4558464698	14.0773
28.4786476289	14.0787
28.5014487879	14.0888
28.5242499469	14.0988
28.547051106	14.1
28.569852265	14.1021
28.592653424	14.1064
28.615454583	14.1066
28.6382557421	14.1126
28.6610569011	14.1236
28.6838580601	14.1277
28.7066592192	14.1346
28.7294603782	14.1493
28.7522615372	14.1549
28.7750626963	14.1613
28.7978638553	14.1665
28.8206650143	14.1707
28.8434661733	14.1766
28.8662673324	14.1784
28.8890684914	14.1931
28.9118696504	14.1944
28.9346708095	14.1968
28.9574719685	14.2046
28.9802731275	14.2077
29.0030742866	14.2083
29.0258754456	14.2132
29.0486766046	14.2169
29.0714777637	14.2183
29.0942789227	14.2267
29.1170800817	14.2316
29.1398812407	14.233
29.1626823998	14.2413
29.1854835588	14.2501
29.2082847178	14.2557
29.2310858769	14.2597
29.2538870359	14.2654
29.2766881949	14.2665
29.299489354	14.2705
29.322290513	14.2795
29.345091672	14.2811
29.367892831	14.2893
29.3906939901	14.2972
29.4134951491	14.2977
29.4362963081	14.3012
29.4590974672	14.3073
29.4818986262	14.3104
29.5046997852	14.3107
29.5275009443	14.3143
29.5503021033	14.3154
29.5731032623	14.3175
29.5959044213	14.3207
29.6187055804	14.3217
29.6415067394	14.325
29.6643078984	14.3315
29.6871090575	14.3354
29.7099102165	14.3418
29.7327113755	14.345
29.7555125346	14.3459
29.7783136936	14.3479
29.8011148526	14.3522
29.8239160117	14.3569
29.8467171707	14.3608
29.8695183297	14.3712
29.8923194887	14.3865
29.9151206478	14.3874
29.9379218068	14.3823
29.9607229658	14.3815
29.9835241249	14.3832
30.0063252839	14.3837
30.0291264429	14.3872
30.051927602	14.3886
30.074728761	14.3937
30.09752992	14.4004
30.120331079	14.4045
30.1431322381	14.408
30.1659333971	14.4092
30.1887345561	14.4113
30.2115357152	14.4153
30.2343368742	14.4134
30.2571380332	14.4275
30.2799391923	14.4358
30.3027403513	14.4436
30.3255415103	14.4534
30.3483426693	14.4569
30.3711438284	14.4602
30.3939449874	14.4613
30.4167461464	14.4636
30.4395473055	14.4705
30.4623484645	14.4766
30.4851496235	14.4781
30.5079507826	14.4782
30.5307519416	14.4762
30.5535531006	14.4742
30.5763542597	14.4729
30.5991554187	14.4713
30.6219565777	14.4676
30.6447577367	14.4693
30.6675588958	14.4713
30.6903600548	14.479
30.7131612138	14.4804
30.7359623729	14.501
30.7587635319	14.5063
30.7815646909	14.5046
30.80436585	14.5132
30.827167009	14.516
30.849968168	14.5173
30.872769327	14.5205
30.8955704861	14.5237
30.9183716451	14.5254
30.9411728041	14.5302
30.9639739632	14.533
30.9867751222	14.5378
31.0095762812	14.5467
31.0323774403	14.5499
31.0551785993	14.5513
31.0779797583	14.561
31.1007809173	14.5708
31.1235820764	14.5743
31.1463832354	14.5744
31.1691843944	14.5726
31.1919855535	14.5738
31.2147867125	14.5727
31.2375878715	14.5823
31.2603890306	14.5904
31.2831901896	14.5911
31.3059913486	14.6006
31.3287925077	14.6135
31.3515936667	14.619
31.3743948257	14.6212
31.3971959847	14.6281
31.4199971438	14.6357
31.4427983028	14.6447
31.4655994618	14.6465
31.4884006209	14.6487
31.5112017799	14.6559
31.5340029389	14.6602
31.556804098	14.6555
31.579605257	14.6515
31.602406416	14.6514
31.625207575	14.6607
31.6480087341	14.6625
31.6708098931	14.6612
31.6936110521	14.6695
31.7164122112	14.674
31.7392133702	14.6853
31.7620145292	14.6888
31.7848156883	14.6902
31.8076168473	14.6953
31.8304180063	14.6988
31.8532191654	14.7006
31.8760203244	14.7027
31.8988214834	14.7035
31.9216226424	14.7049
31.9444238015	14.7073
31.9672249605	14.7086
31.9900261195	14.7067
32.0128272786	14.7019
32.0356284376	14.6881
32.0584295966	14.6749
32.0812307557	14.6812
32.1040319147	14.6851
32.1268330737	14.6935
32.1496342327	14.6977
32.1724353918	14.7037
32.1952365508	14.7176
32.2180377098	14.7237
32.2408388689	14.7271
32.2636400279	14.7273
32.2864411869	14.7259
32.309242346	14.7275
32.332043505	14.731
32.354844664	14.7276
32.377645823	14.7278
32.4004469821	14.726
32.4232481411	14.7307
32.4460493001	14.7372
32.4688504592	14.7405
32.4916516182	14.7399
32.5144527772	14.7354
32.5372539363	14.7321
32.5600550953	14.7359
32.5828562543	14.7393
32.6056574134	14.7462
32.6284585724	14.7501
32.6512597314	14.7494
32.6740608904	14.7527
32.6968620495	14.7498
32.7196632085	14.7474
32.7424643675	14.7374
32.7652655266	14.7332
32.7880666856	14.7309
32.8108678446	14.7292
32.8336690037	14.7279
32.8564701627	14.7187
32.8792713217	14.7171
32.9020724807	14.7399
32.9248736398	14.7699
32.9476747988	14.7641
32.9704759578	14.766
32.9932771169	14.7595
33.0160782759	14.7516
33.0388794349	14.7433
33.061680594	14.7276
33.084481753	14.7226
33.107282912	14.71
33.130084071	14.7113
33.1528852301	14.7104
33.1756863891	14.7025
33.1984875481	14.702
33.2212887072	14.7042
33.2440898662	14.7062
33.2668910252	14.7063
33.2896921843	14.7111
33.3124933433	14.7124
33.3352945023	14.7155
33.3580956614	14.7078
33.3808968204	14.6985
33.4036979794	14.6891
33.4264991384	14.6839
33.4493002975	14.6843
33.4721014565	14.6685
33.4949026155	14.6542
33.5177037746	14.6538
33.5405049336	14.6503
33.5633060926	14.6364
33.5861072517	14.6361
33.6089084107	14.6043
33.6317095697	14.5956
33.6545107287	14.602
33.6773118878	14.6038
33.7001130468	14.5952
33.7229142058	14.5817
33.7457153649	14.5422
33.7685165239	14.5281
33.7913176829	14.527
33.814118842	14.5205
33.836920001	14.5099
33.85972116	14.5063
33.882522319	14.5048
33.9053234781	14.4967
33.9281246371	14.489
33.9509257961	14.4807
33.9737269552	14.4771
33.9965281142	14.478
34.0193292732	14.4786
34.0421304323	14.4838
34.0649315913	14.4884
34.0877327503	14.4896
34.1105339094	14.491
34.1333350684	14.4918
34.1561362274	14.4919
34.1789373864	14.4972
34.2017385455	14.5021
34.2245397045	14.5023
34.2473408635	14.5016
34.2701420226	14.4955
34.2929431816	14.4919
34.3157443406	14.4905
34.3385454997	14.49
34.3613466587	14.4906
34.3841478177	14.4917
34.4069489767	14.4931
34.4297501358	14.4934
34.4525512948	14.492
34.4753524538	14.4881
34.4981536129	14.4855
34.5209547719	14.4846
34.5437559309	14.4813
34.56655709	14.4819
34.589358249	14.4807
34.612159408	14.4906
34.634960567	14.4919
34.6577617261	14.4831
34.6805628851	14.4781
34.7033640441	14.4765
34.7261652032	14.4745
34.7489663622	14.4703
34.7717675212	14.4706
34.7945686803	14.4752
34.8173698393	14.4777
34.8401709983	14.4773
34.8629721574	14.4767
34.8857733164	14.4769
34.9085744754	14.476
34.9313756344	14.4753
34.9541767935	14.4795
34.9769779525	14.4764
34.9997791115	14.4719
35.0225802706	14.4707
35.0453814296	14.468
35.0681825886	14.4677
35.0909837477	14.47
35.1137849067	14.4706
35.1365860657	14.477
35.1593872247	14.4813
35.1821883838	14.4782
35.2049895428	14.4766
35.2277907018	14.4756
35.2505918609	14.4745
35.2733930199	14.4747
35.2961941789	14.4757
35.318995338	14.4704
35.341796497	14.463
35.364597656	14.4565
35.387398815	14.4569
35.4101999741	14.4612
35.4330011331	14.4632
35.4558022921	14.4639
35.4786034512	14.4648
35.5014046102	14.4649
35.5242057692	14.4653
35.5470069283	14.4656
35.5698080873	14.4658
35.5926092463	14.4663
35.6154104054	14.4669
35.6382115644	14.4675
35.6610127234	14.4675
35.6838138824	14.4672
35.7066150415	14.467
35.7294162005	14.4669
35.7522173595	14.4666
35.7750185186	14.4683
35.7978196776	14.4686
35.8206208366	14.4682
35.8434219957	14.4692
35.8662231547	14.4705
35.8890243137	14.4704
35.9118254727	14.4658
35.9346266318	14.4621
35.9574277908	14.4616
35.9802289498	14.4627
36.0030301089	14.4636
36.0258312679	14.4643
36.0486324269	14.4637
36.071433586	14.4641
36.094234745	14.4652
36.117035904	14.4648
36.139837063	14.4608
36.1626382221	14.4571
36.1854393811	14.4574
36.2082405401	14.4567
36.2310416992	14.4552
36.2538428582	14.4539
36.2766440172	14.453
36.2994451763	14.4527
36.3222463353	14.4524
36.3450474943	14.4519
36.3678486534	14.4524
36.3906498124	14.4555
36.4134509714	14.4567
36.4362521304	14.4585
36.4590532895	14.4563
36.4818544485	14.4537
36.5046556075	14.4543
36.5274567666	14.4542
36.5502579256	14.4529
36.5730590846	14.452
36.5958602437	14.453
36.6186614027	14.4549
36.6414625617	14.4565
36.6642637207	14.4572
36.6870648798	14.4642
36.7098660388	14.4759
36.7326671978	14.4758
36.7554683569	14.4758
36.7782695159	14.4641
36.8010706749	14.4581
36.823871834	14.4575
36.846672993	14.4537
36.869474152	14.4499
36.892275311	14.4486
36.9150764701	14.4478
36.9378776291	14.4489
36.9606787881	14.4493
36.9834799472	14.4495
37.0062811062	14.4504
37.0290822652	14.4508
37.0518834243	14.4507
37.0746845833	14.4509
37.0974857423	14.4509
37.1202869014	14.4509
37.1430880604	14.4503
37.1658892194	14.4493
37.1886903784	14.4484
37.2114915375	14.448
37.2342926965	14.4493
37.2570938555	14.4513
37.2798950146	14.4533
37.3026961736	14.4546
37.3254973326	14.45
37.3482984917	14.4491
37.3710996507	14.4484
37.3939008097	14.4456
37.4167019687	14.4435
37.4395031278	14.446
37.4623042868	14.4488
37.4851054458	14.4468
37.5079066049	14.4457
37.5307077639	14.4439
37.5535089229	14.4399
37.576310082	14.4414
37.599111241	14.441
37.6219124	14.4414
37.6447135591	14.4399
37.6675147181	14.4371
37.6903158771	14.437
37.7131170361	14.435
37.7359181952	14.4312
37.7587193542	14.4285
37.7815205132	14.4307
37.8043216723	14.4358
37.8271228313	14.443
37.8499239903	14.4467
37.8727251494	14.4486
37.8955263084	14.4475
37.9183274674	14.4465
37.9411286264	14.4443
37.9639297855	14.4434
37.9867309445	14.4432
38.0095321035	14.4435
38.0323332626	14.4461
38.0551344216	14.4475
38.0779355806	14.4476
38.1007367397	14.4462
38.1235378987	14.4446
38.1463390577	14.442
38.1691402167	14.4395
38.1919413758	14.4399
38.2147425348	14.4392
38.2375436938	14.4198
38.2603448529	14.4062
38.2831460119	14.4016
38.3059471709	14.4036
38.32874833	14.4063
38.351549489	14.414
38.374350648	14.4223
38.3971518071	14.4364
38.4199529661	14.4434
38.4427541251	14.4491
38.4655552841	14.4506
38.4883564432	14.4506
38.5111576022	14.4475
38.5339587612	14.4448
38.5567599203	14.4438
38.5795610793	14.443
38.6023622383	14.441
38.6251633974	14.4387
38.6479645564	14.4373
38.6707657154	14.4355
38.6935668744	14.4352
38.7163680335	14.4411
38.7391691925	14.4468
38.7619703515	14.4363
38.7847715106	14.4305
38.8075726696	14.4288
38.8303738286	14.425
38.8531749877	14.4247
38.8759761467	14.4178
38.8987773057	14.4145
38.9215784647	14.4181
38.9443796238	14.4212
38.9671807828	14.421
38.9899819418	14.4212
39.0127831009	14.409
39.0355842599	14.4038
39.0583854189	14.4031
39.081186578	14.4002
39.103987737	14.3923
39.126788896	14.3918
39.1495900551	14.3929
39.1723912141	14.3926
39.1951923731	14.3918
39.2179935321	14.389
39.2407946912	14.388
39.2635958502	14.3849
39.2863970092	14.383
39.3091981683	14.3822
39.3319993273	14.3877
39.3548004863	14.3864
39.3776016454	14.3864
39.4004028044	14.384
39.4232039634	14.3821
39.4460051224	14.3861
39.4688062815	14.3849
39.4916074405	14.3847
39.5144085995	14.3861
39.5372097586	14.3862
39.5600109176	14.3866
39.5828120766	14.388
39.6056132357	14.3947
39.6284143947	14.3999
39.6512155537	14.3945
39.6740167127	14.3878
39.6968178718	14.3794
39.7196190308	14.3739
39.7424201898	14.3703
39.7652213489	14.3688
39.7880225079	14.3663
39.8108236669	14.3607
39.833624826	14.3584
39.856425985	14.3553
39.879227144	14.3504
39.9020283031	14.3573
39.9248294621	14.3618
39.9476306211	14.3775
39.9704317801	14.3813
39.9932329392	14.382
40.0160340982	14.3814
40.0388352572	14.385
40.0616364163	14.3811
40.0844375753	14.3785
40.1072387343	14.3763
40.1300398934	14.3718
40.1528410524	14.3719
40.1756422114	14.3736
40.1984433704	14.3688
40.2212445295	14.3656
40.2440456885	14.3607
40.2668468475	14.3487
40.2896480066	14.3402
40.3124491656	14.3423
40.3352503246	14.3416
40.3580514837	14.337
40.3808526427	14.3352
40.4036538017	14.3347
40.4264549607	14.3325
40.4492561198	14.33
40.4720572788	14.3217
40.4948584378	14.3207
40.5176595969	14.3238
40.5404607559	14.3367
40.5632619149	14.3383
40.586063074	14.3406
40.608864233	14.3394
40.631665392	14.3423
40.6544665511	14.3447
40.6772677101	14.3417
40.7000688691	14.3387
40.7228700281	14.3391
40.7456711872	14.3478
40.7684723462	14.3706
40.7912735052	14.3753
40.8140746643	14.3778
40.8368758233	14.3782
40.8596769823	14.3799
40.8824781414	14.3762
40.9052793004	14.3691
40.9280804594	14.3657
40.9508816184	14.3649
40.9736827775	14.3566
40.9964839365	14.3523
41.0192850955	14.3511
41.0420862546	14.3501
41.0648874136	14.3503
41.0876885726	14.35
41.1104897317	14.3413
41.1332908907	14.3352
41.1560920497	14.3331
41.1788932087	14.3381
41.2016943678	14.3425
41.2244955268	14.3429
41.2472966858	14.3467
41.2700978449	14.3515
41.2928990039	14.3545
41.3157001629	14.3546
41.338501322	14.3585
41.361302481	14.3606
41.38410364	14.361
41.4069047991	14.3614
41.4297059581	14.3643
41.4525071171	14.3655
41.4753082761	14.3679
41.4981094352	14.3702
41.5209105942	14.3723
41.5437117532	14.3706
41.5665129123	14.3622
41.5893140713	14.3597
41.6121152303	14.3591
41.6349163894	14.3571
41.6577175484	14.3535
41.6805187074	14.3498
41.7033198664	14.3461
41.7261210255	14.3444
41.7489221845	14.3392
41.7717233435	14.3417
41.7945245026	14.3446
41.8173256616	14.3509
41.8401268206	14.3543
41.8629279797	14.3574
41.8857291387	14.3611
41.9085302977	14.3618
41.9313314567	14.3515
41.9541326158	14.3507
41.9769337748	14.3441
41.9997349338	14.3364
42.0225360929	14.3252
42.0453372519	14.3437
42.0681384109	14.3801
42.09093957	14.4032
42.113740729	14.4085
42.136541888	14.4032
42.1593430471	14.3956
42.1821442061	14.3761
42.2049453651	14.3634
42.2277465241	14.3812
42.2505476832	14.3916
42.2733488422	14.3951
42.2961500012	14.4124
42.3189511603	14.4257
42.3417523193	14.4418
42.3645534783	14.4468
42.3873546374	14.4632
42.4101557964	14.5015
42.4329569554	14.526
42.4557581144	14.5607
42.4785592735	14.6314
42.5013604325	14.6585
42.5241615915	14.6605
42.5469627506	14.6625
42.5697639096	14.6896
42.5925650686	14.6988
42.6153662277	14.6999
42.6381673867	14.6904
42.6609685457	14.6655
42.6837697047	14.6689
42.7065708638	14.6627
42.7293720228	14.6501
42.7521731818	14.6452
42.7749743409	14.6456
42.7977754999	14.6444
42.8205766589	14.6443
42.843377818	14.6618
42.866178977	14.6731
42.888980136	14.6665
42.9117812951	14.6956
42.9345824541	14.6885
42.9573836131	14.6782
42.9801847721	14.6746
43.0029859312	14.6683
43.0257870902	14.6631
43.0485882492	14.6628
43.0713894083	14.6621
43.0941905673	14.6625
43.1169917263	14.6661
43.1397928854	14.6658
43.1625940444	14.6728
43.1853952034	14.6729
43.2081963624	14.6457
43.2309975215	14.6074
43.2537986805	14.6
43.2765998395	14.5842
43.2994009986	14.5801
43.3222021576	14.5789
43.3450033166	14.5773
43.3678044757	14.5745
43.3906056347	14.5715
43.4134067937	14.5706
43.4362079528	14.5675
43.4590091118	14.5607
43.4818102708	14.5572
43.5046114298	14.5553
43.5274125889	14.5488
43.5502137479	14.546
43.5730149069	14.5432
43.595816066	14.5425
43.618617225	14.5369
43.641418384	14.5293
43.6642195431	14.5267
43.6870207021	14.5219
43.7098218611	14.5204
43.7326230201	14.5169
43.7554241792	14.5082
43.7782253382	14.4927
43.8010264972	14.4892
43.8238276563	14.4833
43.8466288153	14.4719
43.8694299743	14.4704
43.8922311334	14.4644
43.9150322924	14.4495
43.9378334514	14.4326
43.9606346104	14.4253
43.9834357695	14.4218
44.0062369285	14.407
44.0290380875	14.3968
44.0518392466	14.3958
44.0746404056	14.3879
44.0974415646	14.3732
44.1202427237	14.3677
44.1430438827	14.3564
44.1658450417	14.3499
44.1886462008	14.3414
44.2114473598	14.3327
44.2342485188	14.3298
44.2570496778	14.3281
44.2798508369	14.3227
44.3026519959	14.3181
44.3254531549	14.3168
44.348254314	14.3043
44.371055473	14.2794
44.393856632	14.2664
44.4166577911	14.2513
44.4394589501	14.2409
44.4622601091	14.2392
44.4850612681	14.2266
44.5078624272	14.2139
44.5306635862	14.2003
44.5534647452	14.1864
44.5762659043	14.1744
44.5990670633	14.1563
44.6218682223	14.1556
44.6446693814	14.1531
44.6674705404	14.1511
44.6902716994	14.1515
44.7130728584	14.1509
44.7358740175	14.1494
44.7586751765	14.1503
44.7814763355	14.1501
44.8042774946	14.1485
44.8270786536	14.1481
44.8498798126	14.1461
44.8726809717	14.1392
44.8954821307	14.1369
44.9182832897	14.139
44.9410844488	14.1449
44.9638856078	14.1493
44.9866867668	14.1472
45.0094879258	14.146
45.0322890849	14.129
45.0550902439	14.1151
45.0778914029	14.106
45.100692562	14.1199
45.123493721	14.1154
45.14629488	14.1115
45.1690960391	14.0989
45.1918971981	14.086
45.2146983571	14.0666
45.2374995161	14.0558
45.2603006752	14.0446
45.2831018342	14.0375
45.3059029932	14.0313
45.3287041523	14.026
45.3515053113	14.0237
45.3743064703	14.0188
45.3971076294	14.0112
45.4199087884	14.0092
45.4427099474	14.0047
45.4655111064	13.9943
45.4883122655	13.9835
45.5111134245	13.95
45.5339145835	13.9379
45.5567157426	13.9378
45.5795169016	13.9421
45.6023180606	13.9415
45.6251192197	13.9484
45.6479203787	13.9562
45.6707215377	13.9456
45.6935226968	13.9162
45.7163238558	13.8904
45.7391250148	13.8651
45.7619261738	13.8593
45.7847273329	13.8579
45.8075284919	13.8555
45.8303296509	13.8584
45.85313081	13.8629
45.875931969	13.8719
45.898733128	13.8792
45.9215342871	13.8787
45.9443354461	13.8575
45.9671366051	13.8093
45.9899377641	13.799
46.0127389232	13.7969
46.0355400822	13.7917
46.0583412412	13.7934
46.0811424003	13.7932
46.1039435593	13.7881
46.1267447183	13.7772
46.1495458774	13.7742
46.1723470364	13.7689
46.1951481954	13.7586
46.2179493544	13.7552
46.2407505135	13.748
46.2635516725	13.7424
46.2863528315	13.7325
46.3091539906	13.7232
46.3319551496	13.7223
46.3547563086	13.7203
46.3775574677	13.7199
46.4003586267	13.7195
46.4231597857	13.7175
46.4459609448	13.7182
46.4687621038	13.7187
46.4915632628	13.715
46.5143644218	13.715
46.5371655809	13.7172
46.5599667399	13.719
46.5827678989	13.7263
46.605569058	13.7257
46.628370217	13.7069
46.651171376	13.6972
46.6739725351	13.6749
46.6967736941	13.6641
46.7195748531	13.6775
46.7423760121	13.6778
46.7651771712	13.6596
46.7879783302	13.6744
46.8107794892	13.6878
46.8335806483	13.7179
46.8563818073	13.7751
46.8791829663	13.6938
46.9019841254	13.6197
46.9247852844	13.618
46.9475864434	13.6117
46.9703876024	13.5922
46.9931887615	13.5903
47.0159899205	13.5753
47.0387910795	13.5726
47.0615922386	13.575
47.0843933976	13.5629
47.1071945566	13.5663
47.1299957157	13.6696
47.1527968747	13.7145
47.1755980337	13.7357
47.1983991928	13.6775
47.2212003518	13.6344
47.2440015108	13.6031
47.2668026698	13.5618
47.2896038289	13.5723
47.3124049879	13.5548
47.3352061469	13.5116
47.358007306	13.5151
47.380808465	13.4898
47.403609624	13.474
47.4264107831	13.4744
47.4492119421	13.4632
47.4720131011	13.4366
47.4948142601	13.4265
47.5176154192	13.4253
47.5404165782	13.4212
47.5632177372	13.408
47.5860188963	13.4078
47.6088200553	13.3929
47.6316212143	13.3803
47.6544223734	13.3784
47.6772235324	13.3721
47.7000246914	13.3653
47.7228258504	13.361
47.7456270095	13.3578
47.7684281685	13.3562
47.7912293275	13.3543
47.8140304866	13.3469
47.8368316456	13.3383
47.8596328046	13.3337
47.8824339637	13.3252
47.9052351227	13.3219
47.9280362817	13.3225
47.9508374408	13.3259
47.9736385998	13.3166
47.9964397588	13.2969
48.0192409178	13.2846
48.0420420769	13.2796
48.0648432359	13.277
48.0876443949	13.2733
48.110445554	13.2671
48.133246713	13.2569
48.156047872	13.2505
48.1788490311	13.2408
48.2016501901	13.2341
48.2244513491	13.2322
48.2472525081	13.2266
48.2700536672	13.211
48.2928548262	13.2052
48.3156559852	13.1899
48.3384571443	13.1865
48.3612583033	13.1785
48.3840594623	13.1705
48.4068606214	13.1653
48.4296617804	13.16
48.4524629394	13.1542
48.4752640984	13.1443
48.4980652575	13.1387
48.5208664165	13.1382
48.5436675755	13.1352
48.5664687346	13.1221
48.5892698936	13.1139
48.6120710526	13.1133
48.6348722117	13.1114
48.6576733707	13.1059
48.6804745297	13.1024
48.7032756888	13.1032
48.7260768478	13.1062
48.7488780068	13.1113
48.7716791658	13.113
48.7944803249	13.1156
48.8172814839	13.1189
48.8400826429	13.1179
48.862883802	13.1132
48.885684961	13.104
48.90848612	13.0959
48.9312872791	13.0931
48.9540884381	13.0815
48.9768895971	13.0641
48.9996907561	13.0667
49.0224919152	13.0795
49.0452930742	13.0767
49.0680942332	13.0558
49.0908953923	13.0559
49.1136965513	12.9995
49.1364977103	12.9677
49.1592988694	12.9701
49.1821000284	12.9984
49.2049011874	12.987
49.2277023465	12.9585
49.2505035055	12.9576
49.2733046645	12.9836
49.2961058235	12.9979
49.3189069826	12.9996
49.3417081416	12.9919
49.3645093006	12.9866
49.3873104597	12.9841
49.4101116187	12.9798
49.4329127777	12.98
49.4557139368	12.9761
49.4785150958	12.9593
49.5013162548	12.9366
49.5241174138	12.9411
49.5469185729	12.9304
49.5697197319	12.9276
49.5925208909	12.9407
49.61532205	12.933
49.638123209	12.9333
49.660924368	12.9355
49.6837255271	12.9228
49.7065266861	12.9067
49.7293278451	12.902
49.7521290041	12.8888
49.7749301632	12.8675
49.7977313222	12.866
49.8205324812	12.868
49.8433336403	12.8675
49.8661347993	12.8677
49.8889359583	12.8675
49.9117371174	12.8569
49.9345382764	12.8488
49.9573394354	12.8422
49.9801405945	12.8568
50.0029417535	12.8925
50.0257429125	12.879
50.0485440715	12.8892
50.0713452306	12.8868
50.0941463896	12.8513
50.1169475486	12.8789
50.1397487077	12.9372
50.1625498667	12.9652
50.1853510257	12.9203
50.2081521848	12.8931
50.2309533438	12.8835
50.2537545028	12.8599
50.2765556618	12.8479
50.2993568209	12.8393
50.3221579799	12.8338
50.3449591389	12.8308
50.367760298	12.8132
50.390561457	12.8094
50.413362616	12.8053
50.4361637751	12.7843
50.4589649341	12.7738
50.4817660931	12.7718
50.5045672521	12.7589
50.5273684112	12.7437
50.5501695702	12.7257
50.5729707292	12.7031
50.5957718883	12.681
50.6185730473	12.6684
50.6413742063	12.6463
50.6641753654	12.5883
50.6869765244	12.5582
50.7097776834	12.5177
50.7325788425	12.529
50.7553800015	12.5269
50.7781811605	12.5333
50.8009823195	12.5544
50.8237834786	12.5532
50.8465846376	12.5647
50.8693857966	12.569
50.8921869557	12.5693
50.9149881147	12.571
50.9377892737	12.5698
50.9605904328	12.5787
50.9833915918	12.5872
51.0061927508	12.5945
51.0289939098	12.5961
51.0517950689	12.5878
51.0745962279	12.5521
51.0973973869	12.5308
51.120198546	12.5259
51.142999705	12.5133
51.165800864	12.5051
51.1886020231	12.5047
51.2114031821	12.4986
51.2342043411	12.4977
51.2570055001	12.5023
51.2798066592	12.5034
51.3026078182	12.5027
51.3254089772	12.5055
51.3482101363	12.496
51.3710112953	12.4797
51.3938124543	12.4821
51.4166136134	12.495
51.4394147724	12.5114
51.4622159314	12.5217
51.4850170905	12.5266
51.5078182495	12.5197
51.5306194085	12.5189
51.5534205675	12.5173
51.5762217266	12.5014
51.5990228856	12.4901
51.6218240446	12.4907
51.6446252037	12.5097
51.6674263627	12.5226
51.6902275217	12.5269
51.7130286808	12.5183
51.7358298398	12.5013
51.7586309988	12.4913
51.7814321578	12.4817
51.8042333169	12.4811
51.8270344759	12.4809
51.8498356349	12.4781
51.872636794	12.4765
51.895437953	12.4772
51.918239112	12.4729
51.9410402711	12.4647
51.9638414301	12.4597
51.9866425891	12.4569
52.0094437481	12.4481
52.0322449072	12.4425
52.0550460662	12.4471
52.0778472252	12.4518
52.1006483843	12.4631
52.1234495433	12.4699
52.1462507023	12.4825
52.1690518614	12.4892
52.1918530204	12.4896
52.2146541794	12.4986
52.2374553385	12.5098
52.2602564975	12.5099
52.2830576565	12.5077
52.3058588155	12.5061
52.3286599746	12.5072
52.3514611336	12.5072
52.3742622926	12.505
52.3970634517	12.5058
52.4198646107	12.5143
52.4426657697	12.5344
52.4654669288	12.5425
52.4882680878	12.5431
52.5110692468	12.5496
52.5338704058	12.5551
52.5566715649	12.5527
52.5794727239	12.5616
52.6022738829	12.5675
52.625075042	12.5675
52.647876201	12.568
52.67067736	12.5719
52.6934785191	12.573
52.7162796781	12.582
52.7390808371	12.5883
52.7618819961	12.5962
52.7846831552	12.5974
52.8074843142	12.595
52.8302854732	12.5874
52.8530866323	12.575
52.8758877913	12.5605
52.8986889503	12.5528
52.9214901094	12.5458
52.9442912684	12.539
52.9670924274	12.5387
52.9898935865	12.5388
53.0126947455	12.5426
53.0354959045	12.5451
53.0582970635	12.5468
53.0810982226	12.5473
53.1038993816	12.548
53.1267005406	12.5503
53.1495016997	12.5518
53.1723028587	12.5539
53.1951040177	12.5551
53.2179051768	12.5562
53.2407063358	12.557
53.2635074948	12.557
53.2863086538	12.5573
53.3091098129	12.5592
53.3319109719	12.5609
53.3547121309	12.5607
53.37751329	12.5531
53.400314449	12.5448
53.423115608	12.5435
53.4459167671	12.5404
53.4687179261	12.5387
53.4915190851	12.5387
53.5143202441	12.5438
53.5371214032	12.5515
53.5599225622	12.5531
53.5827237212	12.5563
53.6055248803	12.5574
53.6283260393	12.5569
53.6511271983	12.5591
53.6739283574	12.5601
53.6967295164	12.5613
53.7195306754	12.5622
53.7423318345	12.5671
53.7651329935	12.5708
53.7879341525	12.5732
53.8107353115	12.5748
53.8335364706	12.5757
53.8563376296	12.5797
53.8791387886	12.5802
53.9019399477	12.5817
53.9247411067	12.5832
53.9475422657	12.5862
53.9703434248	12.5908
53.9931445838	12.5911
54.0159457428	12.5919
54.0387469018	12.5907
54.0615480609	12.588
54.0843492199	12.5909
54.1071503789	12.5916
54.129951538	12.5901
54.152752697	12.5869
54.175553856	12.5812
54.1983550151	12.5752
54.2211561741	12.5749
54.2439573331	12.5734
54.2667584921	12.5703
54.2895596512	12.5685
54.3123608102	12.5684
54.3351619692	12.5732
54.3579631283	12.5741
54.3807642873	12.5753
54.4035654463	12.5689
54.4263666054	12.5657
54.4491677644	12.5659
54.4719689234	12.5657
54.4947700825	12.567
54.5175712415	12.569
54.5403724005	12.5733
54.5631735595	12.5764
54.5859747186	12.5779
54.6087758776	12.5835
54.6315770366	12.5882
54.6543781957	12.5879
54.6771793547	12.5963
54.6999805137	12.6036
54.7227816728	12.6039
54.7455828318	12.6057
54.7683839908	12.6101
54.7911851498	12.6105
54.8139863089	12.6114
54.8367874679	12.618
54.8595886269	12.6188
54.882389786	12.6226
54.905190945	12.6274
54.927992104	12.6273
54.9507932631	12.6277
54.9735944221	12.6344
54.9963955811	12.6398
55.0191967402	12.6426
55.0419978992	12.6427
55.0647990582	12.6453
55.0876002172	12.6479
55.1104013763	12.6508
55.1332025353	12.65
55.1560036943	12.6434
55.1788048534	12.6347
55.2016060124	12.6345
55.2244071714	12.634
55.2472083305	12.6233
55.2700094895	12.6125
55.2928106485	12.6093
55.3156118075	12.6061
55.3384129666	12.6021
55.3612141256	12.6059
55.3840152846	12.6052
55.4068164437	12.6021
55.4296176027	12.601
55.4524187617	12.5995
55.4752199208	12.5961
55.4980210798	12.5964
55.5208222388	12.5886
55.5436233978	12.5758
55.5664245569	12.5717
55.5892257159	12.5699
55.6120268749	12.5704
55.634828034	12.5715
55.657629193	12.5709
55.680430352	12.5712
55.7032315111	12.572
55.7260326701	12.5726
55.7488338291	12.5761
55.7716349882	12.5787
55.7944361472	12.5809
55.8172373062	12.581
55.8400384652	12.5799
55.8628396243	12.5792
55.8856407833	12.5724
55.9084419423	12.5729
55.9312431014	12.5452
55.9540442604	12.5413
55.9768454194	12.5396
55.9996465785	12.5352
56.0224477375	12.5439
56.0452488965	12.551
56.0680500555	12.5627
56.0908512146	12.5717
56.1136523736	12.576
56.1364535326	12.5926
56.1592546917	12.6006
56.1820558507	12.6166
56.2048570097	12.6129
56.2276581688	12.6078
56.2504593278	12.612
56.2732604868	12.6113
56.2960616458	12.6022
56.3188628049	12.5929
56.3416639639	12.5892
56.3644651229	12.5909
56.387266282	12.5882
56.410067441	12.5833
56.4328686	12.5769
56.4556697591	12.5724
56.4784709181	12.5694
56.5012720771	12.5674
56.5240732362	12.5624
56.5468743952	12.5531
56.5696755542	12.5455
56.5924767132	12.5441
56.6152778723	12.5416
56.6380790313	12.5345
56.6608801903	12.5362
56.6836813494	12.5395
56.7064825084	12.5409
56.7292836674	12.5424
56.7520848265	12.543
56.7748859855	12.544
56.7976871445	12.5448
56.8204883035	12.5447
56.8432894626	12.5459
56.8660906216	12.546
56.8888917806	12.5441
56.9116929397	12.5417
56.9344940987	12.5422
56.9572952577	12.5425
56.9800964168	12.5468
57.0028975758	12.5512
57.0256987348	12.556
57.0484998938	12.5615
57.0713010529	12.5646
57.0941022119	12.5632
57.1169033709	12.5379
57.13970453	12.5358
57.162505689	12.5366
57.185306848	12.5327
57.2081080071	12.5302
57.2309091661	12.5303
57.2537103251	12.5299
57.2765114842	12.5289
57.2993126432	12.5295
57.3221138022	12.5293
57.3449149612	12.5296
57.3677161203	12.535
57.3905172793	12.5378
57.4133184383	12.5429
57.4361195974	12.5438
57.4589207564	12.544
57.4817219154	12.5446
57.5045230745	12.5471
57.5273242335	12.5479
57.5501253925	12.5495
57.5729265515	12.5497
57.5957277106	12.548
57.6185288696	12.5461
57.6413300286	12.5452
57.6641311877	12.5466
57.6869323467	12.5435
57.7097335057	12.5431
57.7325346648	12.5423
57.7553358238	12.5393
57.7781369828	12.5368
57.8009381418	12.5313
57.8237393009	12.528
57.8465404599	12.524
57.8693416189	12.5224
57.892142778	12.5298
57.914943937	12.5277
57.937745096	12.5295
57.9605462551	12.533
57.9833474141	12.5344
58.0061485731	12.5345
58.0289497322	12.5356
58.0517508912	12.5363
58.0745520502	12.5357
58.0973532092	12.5366
58.1201543683	12.537
58.1429555273	12.5368
58.1657566863	12.5352
58.1885578454	12.5289
58.2113590044	12.5159
58.2341601634	12.5034
58.2569613225	12.4913
58.2797624815	12.4915
58.3025636405	12.5049
58.3253647995	12.508
58.3481659586	12.5142
58.3709671176	12.5192
58.3937682766	12.5208
58.4165694357	12.5305
58.4393705947	12.5332
58.4621717537	12.5317
58.4849729128	12.53
58.5077740718	12.5295
58.5305752308	12.5261
58.5533763898	12.52
58.5761775489	12.5165
58.5989787079	12.5125
58.6217798669	12.5107
58.644581026	12.5049
58.667382185	12.4866
58.690183344	12.4867
58.7129845031	12.4832
58.7357856621	12.4983
58.7585868211	12.5069
58.7813879802	12.509
58.8041891392	12.5115
58.8269902982	12.5156
58.8497914572	12.5157
58.8725926163	12.516
58.8953937753	12.5183
58.9181949343	12.5191
58.9409960934	12.521
58.9637972524	12.5246
58.9865984114	12.5317
59.0093995705	12.5403
59.0322007295	12.5469
59.0550018885	12.5522
59.0778030475	12.5558
59.1006042066	12.5562
59.1234053656	12.5582
59.1462065246	12.5588
59.1690076837	12.5609
59.1918088427	12.5615
59.2146100017	12.5624
59.2374111608	12.5661
59.2602123198	12.5693
59.2830134788	12.5746
59.3058146378	12.5757
59.3286157969	12.5759
59.3514169559	12.5755
59.3742181149	12.5792
59.397019274	12.5808
59.419820433	12.5872
59.442621592	12.593
59.4654227511	12.6029
59.4882239101	12.606
59.5110250691	12.6166
59.5338262282	12.6209
59.5566273872	12.621
59.5794285462	12.6212
59.6022297052	12.6255
59.6250308643	12.629
59.6478320233	12.6334
59.6706331823	12.6344
59.6934343414	12.6509
59.7162355004	12.6795
59.7390366594	12.6799
59.7618378185	12.6605
59.7846389775	12.6052
59.8074401365	12.5477
59.8302412955	12.5449
59.8530424546	12.5383
59.8758436136	12.54
59.8986447726	12.5401
59.9214459317	12.54
59.9442470907	12.5383
59.9670482497	12.5389
59.9898494088	12.5352
60.0126505678	12.5408
60.0354517268	12.5461
60.0582528858	12.5475
60.0810540449	12.5622
60.1038552039	12.5696
60.1266563629	12.5693
60.149457522	12.5774
60.172258681	12.5815
60.19505984	12.5818
60.2178609991	12.5855
60.2406621581	12.5911
60.2634633171	12.5946
60.2862644762	12.5981
60.3090656352	12.5985
60.3318667942	12.598
60.3546679532	12.5957
60.3774691123	12.5935
60.4002702713	12.5927
60.4230714303	12.5916
60.4458725894	12.592
60.4686737484	12.6552
60.4914749074	12.6542
60.5142760665	12.6538
60.5370772255	12.9751
60.5598783845	13.2389
60.5826795435	13.3495
60.6054807026	13.3006
60.6282818616	13.3535
60.6510830206	13.1317
60.6738841797	13.167
60.6966853387	13.1447
60.7194864977	13.2005
60.7422876568	13.2022
60.7650888158	13.1876
60.7878899748	13.1065
60.8106911339	12.9735
60.8334922929	12.7746
60.8562934519	12.6848
60.8790946109	12.6792
60.90189577	12.688
60.924696929	12.6726
60.947498088	12.6656
60.9702992471	12.6598
60.9931004061	12.6596
61.0159015651	12.6576
61.0387027242	12.6308
61.0615038832	12.6164
61.0843050422	12.6139
61.1071062012	12.6183
61.1299073603	12.6206
61.1527085193	12.6199
61.1755096783	12.6163
61.1983108374	12.6125
61.2211119964	12.6078
61.2439131554	12.6102
61.2667143145	12.6132
61.2895154735	12.6122
61.3123166325	12.618
61.3351177915	12.6194
61.3579189506	12.6185
61.3807201096	12.6241
61.4035212686	12.6308
61.4263224277	12.6302
61.4491235867	12.6318
61.4719247457	12.6347
61.4947259048	12.633
61.5175270638	12.6344
61.5403282228	12.6358
61.5631293819	12.6364
61.5859305409	12.6397
61.6087316999	12.642
61.6315328589	12.6439
61.654334018	12.6436
61.677135177	12.6454
61.699936336	12.6489
61.7227374951	12.6494
61.7455386541	12.6561
61.7683398131	12.6602
61.7911409722	12.6603
61.8139421312	12.6607
61.8367432902	12.6628
61.8595444492	12.6637
61.8823456083	12.6639
61.9051467673	12.6645
61.9279479263	12.6648
61.9507490854	12.6656
61.9735502444	12.6662
61.9963514034	12.6676
62.0191525625	12.6712
62.0419537215	12.675
62.0647548805	12.6752
62.0875560395	12.6735
62.1103571986	12.67
62.1331583576	12.6684
62.1559595166	12.6675
62.1787606757	12.6679
62.2015618347	12.6722
62.2243629937	12.6747
62.2471641528	12.6832
62.2699653118	12.6883
62.2927664708	12.6874
62.3155676299	12.6883
62.3383687889	12.688
62.3611699479	12.6901
62.3839711069	12.6908
62.406772266	12.6965
62.429573425	12.7173
62.452374584	12.7361
62.4751757431	12.7339
62.4979769021	12.7136
62.5207780611	12.6937
62.5435792202	12.6955
62.5663803792	12.6935
62.5891815382	12.6889
62.6119826972	12.6887
62.6347838563	12.6875
62.6575850153	12.6845
62.6803861743	12.6814
62.7031873334	12.6789
62.7259884924	12.6771
62.7487896514	12.6808
62.7715908105	12.6809
62.7943919695	12.6821
62.8171931285	12.679
62.8399942875	12.6782
62.8627954466	12.68
62.8855966056	12.6783
62.9083977646	12.6796
62.9311989237	12.684
62.9540000827	12.685
62.9768012417	12.6864
62.9996024008	12.6901
63.0224035598	12.6907
63.0452047188	12.6919
63.0680058779	12.6919
63.0908070369	12.6912
63.1136081959	12.6898
63.1364093549	12.6939
63.159210514	12.7002
63.182011673	12.7024
63.204812832	12.7024
63.2276139911	12.7021
63.2504151501	12.7035
63.2732163091	12.7077
63.2960174682	12.7118
63.3188186272	12.7141
63.3416197862	12.7158
63.3644209452	12.7157
63.3872221043	12.7155
63.4100232633	12.717
63.4328244223	12.7196
63.4556255814	12.7202
63.4784267404	12.7217
63.5012278994	12.7225
63.5240290585	12.7226
63.5468302175	12.724
63.5696313765	12.7276
63.5924325355	12.7289
63.6152336946	12.7293
63.6380348536	12.7322
63.6608360126	12.7347
63.6836371717	12.7364
63.7064383307	12.7409
63.7292394897	12.7453
63.7520406488	12.7462
63.7748418078	12.7462
63.7976429668	12.7474
63.8204441259	12.7484
63.8432452849	12.7571
63.8660464439	12.7759
63.8888476029	12.7856
63.911648762	12.8035
63.934449921	12.864
63.95725108	12.9171
63.9800522391	12.976
64.0028533981	13.031
64.0256545571	13.0219
64.0484557162	13.0127
64.0712568752	12.9654
64.0940580342	12.92
64.1168591932	12.9608
64.1396603523	12.9615
64.1624615113	12.9994
64.1852626703	12.9603
64.2080638294	12.9171
64.2308649884	12.9151
64.2536661474	12.8973
64.2764673065	12.8102
64.2992684655	12.727
64.3220696245	12.7407
64.3448707835	12.741
64.3676719426	12.7391
64.3904731016	12.7393
64.4132742606	12.7416
64.4360754197	12.7467
64.4588765787	12.7499
64.4816777377	12.7543
64.5044788968	12.7563
64.5272800558	12.7591
64.5500812148	12.7622
64.5728823739	12.7647
64.5956835329	12.7653
64.6184846919	12.8354
64.6412858509	12.9824
64.66408701	13.0951
64.686888169	13.5113
64.709689328	13.9837
64.7324904871	13.9069
64.7552916461	13.8355
64.7780928051	14.0154
64.8008939642	14.0046
64.8236951232	13.733
64.8464962822	13.2114
64.8692974412	12.8419
64.8920986003	12.752
64.9148997593	12.7241
64.9377009183	12.7103
64.9605020774	12.7122
64.9833032364	12.7211
65.0061043954	12.7257
65.0289055545	12.7265
65.0517067135	12.7337
65.0745078725	12.7502
65.0973090315	12.7581
65.1201101906	12.77
65.1429113496	12.7734
65.1657125086	12.7711
65.1885136677	12.7677
65.2113148267	12.7551
65.2341159857	12.7496
65.2569171448	12.7487
65.2797183038	12.7432
65.3025194628	12.7379
65.3253206219	12.7337
65.3481217809	12.7496
65.3709229399	12.768
65.3937240989	12.7751
65.416525258	12.7784
65.439326417	12.7799
65.462127576	12.7777
65.4849287351	12.7741
65.5077298941	12.7701
65.5305310531	12.768
65.5533322122	12.7677
65.5761333712	12.7686
65.5989345302	12.769
65.6217356892	12.7692
65.6445368483	12.7701
65.6673380073	12.7709
65.6901391663	12.771
65.7129403254	12.7712
65.7357414844	12.7721
65.7585426434	12.773
65.7813438025	12.7752
65.8041449615	12.7808
65.8269461205	12.7854
65.8497472795	12.7806
65.8725484386	12.7754
65.8953495976	12.7808
65.9181507566	12.7817
65.9409519157	12.7813
65.9637530747	12.7832
65.9865542337	12.7835
66.0093553928	12.7855
66.0321565518	12.7867
66.0549577108	12.7893
66.0777588699	12.79
66.1005600289	12.797
66.1233611879	12.7991
66.1461623469	12.8009
66.168963506	12.8042
66.191764665	12.8047
66.214565824	12.8061
66.2373669831	12.8059
66.2601681421	12.8028
66.2829693011	12.8041
66.3057704602	12.807
66.3285716192	12.802
66.3513727782	12.7964
66.3741739372	12.7916
66.3969750963	12.7915
66.4197762553	12.7939
66.4425774143	12.8014
66.4653785734	12.8091
66.4881797324	12.814
66.5109808914	12.8143
66.5337820505	12.8076
66.5565832095	12.802
66.5793843685	12.7897
66.6021855276	12.7833
66.6249866866	12.7789
66.6477878456	12.7802
66.6705890046	12.7906
66.6933901637	12.7841
66.7161913227	12.7795
66.7389924817	12.7771
66.7617936408	12.7704
66.7845947998	12.7661
66.8073959588	12.7664
66.8301971179	12.7699
66.8529982769	12.7802
66.8757994359	12.7861
66.8986005949	12.7888
66.921401754	12.7876
66.944202913	12.7732
66.967004072	12.7508
66.9898052311	12.7505
67.0126063901	12.7565
67.0354075491	12.7658
67.0582087082	12.7777
67.0810098672	12.7729
67.1038110262	12.7578
67.1266121852	12.7595
67.1494133443	12.7507
67.1722145033	12.7478
67.1950156623	12.7507
67.2178168214	12.7493
67.2406179804	12.7565
67.2634191394	12.7552
67.2862202985	12.7123
67.3090214575	12.6193
67.3318226165	12.5828
67.3546237756	12.5913
67.3774249346	12.6366
67.4002260936	12.6857
67.4230272526	12.6993
67.4458284117	12.7225
67.4686295707	12.7219
67.4914307297	12.7255
67.5142318888	12.7257
67.5370330478	12.7224
67.5598342068	12.7232
67.5826353659	12.7228
67.6054365249	12.7253
67.6282376839	12.7266
67.6510388429	12.7301
67.673840002	12.7301
67.696641161	12.728
67.71944232	12.7277
67.7422434791	12.7248
67.7650446381	12.7246
67.7878457971	12.7227
67.8106469562	12.7194
67.8334481152	12.7134
67.8562492742	12.7139
67.8790504332	12.7168
67.9018515923	12.7205
67.9246527513	12.7262
67.9474539103	12.729
67.9702550694	12.7299
67.9930562284	12.7302
68.0158573874	12.7293
68.0386585465	12.7292
68.0614597055	12.7273
68.0842608645	12.7248
68.1070620236	12.723
68.1298631826	12.7229
68.1526643416	12.7238
68.1754655006	12.7248
68.1982666597	12.7242
68.2210678187	12.7244
68.2438689777	12.7277
68.2666701368	12.7305
68.2894712958	12.731
68.3122724548	12.7317
68.3350736139	12.7291
68.3578747729	12.7248
68.3806759319	12.7231
68.4034770909	12.7213
68.42627825	12.7203
68.449079409	12.7195
68.471880568	12.7173
68.4946817271	12.7143
68.5174828861	12.7096
68.5402840451	12.6979
68.5630852042	12.7025
68.5858863632	12.7055
68.6086875222	12.7101
68.6314886812	12.712
68.6542898403	12.7135
68.6770909993	12.7162
68.6998921583	12.7181
68.7226933174	12.7258
68.7454944764	12.7303
68.7682956354	12.7305
68.7910967945	12.7239
68.8138979535	12.711
68.8366991125	12.7058
68.8595002716	12.7026
68.8823014306	12.7123
68.9051025896	12.7241
68.9279037486	12.7157
68.9507049077	12.7245
68.9735060667	12.7383
68.9963072257	12.739
69.0191083848	12.7325
69.0419095438	12.7264
69.0647107028	12.7304
69.0875118619	12.735
69.1103130209	12.7368
69.1331141799	12.7379
69.1559153389	12.7378
69.178716498	12.7385
69.201517657	12.7389
69.224318816	12.7384
69.2471199751	12.7349
69.2699211341	12.7195
69.2927222931	12.7244
69.3155234522	12.7272
69.3383246112	12.7254
69.3611257702	12.7139
69.3839269292	12.6928
69.4067280883	12.692
69.4295292473	12.6953
69.4523304063	12.6992
69.4751315654	12.7002
69.4979327244	12.7005
69.5207338834	12.7094
69.5435350425	12.7188
69.5663362015	12.7195
69.5891373605	12.7248
69.6119385196	12.7286
69.6347396786	12.732
69.6575408376	12.7323
69.6803419966	12.7305
69.7031431557	12.7257
69.7259443147	12.7252
69.7487454737	12.7231
69.7715466328	12.7178
69.7943477918	12.714
69.8171489508	12.7188
69.8399501099	12.7219
69.8627512689	12.722
69.8855524279	12.7219
69.9083535869	12.7212
69.931154746	12.7219
69.953955905	12.7185
69.976757064	12.7196
69.9995582231	12.7186
70.0223593821	12.7083
70.0451605411	12.6979
70.0679617002	12.6952
70.0907628592	12.6889
70.1135640182	12.6703
70.1363651772	12.6691
70.1591663363	12.6742
70.1819674953	12.6771
70.2047686543	12.6768
70.2275698134	12.6782
70.2503709724	12.7009
70.2731721314	12.7255
70.2959732905	12.7274
70.3187744495	12.7442
70.3415756085	12.7431
70.3643767676	12.744
70.3871779266	12.7478
70.4099790856	12.7488
70.4327802446	12.7488
70.4555814037	12.7469
70.4783825627	12.7589
70.5011837217	12.7937
70.5239848808	12.8073
70.5467860398	12.8094
70.5695871988	12.811
70.5923883579	12.8113
70.6151895169	12.8061
70.6379906759	12.7916
70.6607918349	12.7758
70.683592994	12.7564
70.706394153	12.7545
70.729195312	12.7533
70.7519964711	12.7743
70.7747976301	12.7921
70.7975987891	12.7999
70.8203999482	12.8056
70.8432011072	12.8101
70.8660022662	12.8234
70.8888034252	12.8392
70.9116045843	12.8328
70.9344057433	12.8202
70.9572069023	12.8157
70.9800080614	12.8083
71.0028092204	12.8089
71.0256103794	12.8174
71.0484115385	12.83
71.0712126975	12.8323
71.0940138565	12.83
71.1168150156	12.825
71.1396161746	12.8193
71.1624173336	12.8112
71.1852184926	12.8037
71.2080196517	12.7984
71.2308208107	12.797
71.2536219697	12.7955
71.2764231288	12.7937
71.2992242878	12.7903
71.3220254468	12.7849
71.3448266059	12.7807
71.3676277649	12.7807
71.3904289239	12.7766
71.4132300829	12.7854
71.436031242	12.786
71.458832401	12.7826
71.48163356	12.7704
71.5044347191	12.7604
71.5272358781	12.7679
71.5500370371	12.7739
71.5728381962	12.7763
71.5956393552	12.776
71.6184405142	12.7719
71.6412416732	12.7672
71.6640428323	12.7655
71.6868439913	12.7592
71.7096451503	12.7577
71.7324463094	12.7581
71.7552474684	12.7594
71.7780486274	12.761
71.8008497865	12.7589
71.8236509455	12.7586
71.8464521045	12.7572
71.8692532636	12.7555
71.8920544226	12.7541
71.9148555816	12.7534
71.9376567406	12.7524
71.9604578997	12.7492
71.9832590587	12.7523
72.0060602177	12.7629
72.0288613768	12.7596
72.0516625358	12.7633
72.0744636948	12.7644
72.0972648539	12.764
72.1200660129	12.7566
72.1428671719	12.7437
72.1656683309	12.7408
72.18846949	12.7258
72.211270649	12.7108
72.234071808	12.7068
72.2568729671	12.6976
72.2796741261	12.7136
72.3024752851	12.741
72.3252764442	12.7496
72.3480776032	12.7552
72.3708787622	12.7582
72.3936799213	12.7568
72.4164810803	12.7577
72.4392822393	12.7514
72.4620833983	12.7441
72.4848845574	12.738
72.5076857164	12.7361
72.5304868754	12.7312
72.5532880345	12.7413
72.5760891935	12.7531
72.5988903525	12.7623
72.6216915116	12.7851
72.6444926706	12.7972
72.6672938296	12.8135
72.6900949886	12.812
72.7128961477	12.7657
72.7356973067	12.7619
72.7584984657	12.7716
72.7812996248	12.7732
72.8041007838	12.7736
72.8269019428	12.7741
72.8497031019	12.7707
72.8725042609	12.7608
72.8953054199	12.7529
72.9181065789	12.7587
72.940907738	12.774
72.963708897	12.7738
72.986510056	12.7736
73.0093112151	12.7675
73.0321123741	12.7647
73.0549135331	12.7652
73.0777146922	12.7615
73.1005158512	12.7501
73.1233170102	12.7384
73.1461181693	12.7327
73.1689193283	12.7344
73.1917204873	12.7341
73.2145216463	12.7331
73.2373228054	12.7339
73.2601239644	12.7317
73.2829251234	12.7431
73.3057262825	12.7477
73.3285274415	12.7492
73.3513286005	12.7511
73.3741297596	12.7501
73.3969309186	12.7509
73.4197320776	12.7553
73.4425332366	12.7619
73.4653343957	12.7622
73.4881355547	12.7598
73.5109367137	12.7554
73.5337378728	12.7558
73.5565390318	12.7557
73.5793401908	12.7557
73.6021413499	12.7586
73.6249425089	12.7604
73.6477436679	12.7635
73.6705448269	12.7681
73.693345986	12.7689
73.716147145	12.7644
73.738948304	12.7583
73.7617494631	12.75
73.7845506221	12.7383
73.8073517811	12.7343
73.8301529402	12.7348
73.8529540992	12.7384
73.8757552582	12.7395
73.8985564173	12.7404
73.9213575763	12.7395
73.9441587353	12.7425
73.9669598943	12.7425
73.9897610534	12.7387
74.0125622124	12.7294
74.0353633714	12.7212
74.0581645305	12.7209
74.0809656895	12.7176
74.1037668485	12.7171
74.1265680076	12.7174
74.1493691666	12.7186
74.1721703256	12.7214
74.1949714846	12.723
74.2177726437	12.7257
74.2405738027	12.7236
74.2633749617	12.721
74.2861761208	12.7216
74.3089772798	12.731
74.3317784388	12.7367
74.3545795979	12.741
74.3773807569	12.7424
74.4001819159	12.7428
74.4229830749	12.743
74.445784234	12.7423
74.468585393	12.7423
74.491386552	12.7417
74.5141877111	12.7388
74.5369888701	12.7376
74.5597900291	12.7375
74.5825911882	12.7354
74.6053923472	12.7348
74.6281935062	12.7353
74.6509946653	12.7369
74.6737958243	12.7423
74.6965969833	12.7437
74.7193981423	12.7491
74.7421993014	12.7609
74.7650004604	12.7644
74.7878016194	12.7677
74.8106027785	12.7724
74.8334039375	12.773
74.8562050965	12.7723
74.8790062556	12.7698
74.9018074146	12.7641
74.9246085736	12.7489
74.9474097326	12.7245
74.9702108917	12.7136
74.9930120507	12.7183
75.0158132097	12.7223
75.0386143688	12.7317
75.0614155278	12.7441
75.0842166868	12.7486
75.1070178459	12.7488
75.1298190049	12.7523
75.1526201639	12.7479
75.1754213229	12.7361
75.198222482	12.7345
75.221023641	12.7322
75.2438248	12.7388
75.2666259591	12.7471
75.2894271181	12.7638
75.3122282771	12.7692
75.3350294362	12.771
75.3578305952	12.7728
75.3806317542	12.7749
75.4034329133	12.7747
75.4262340723	12.7735
75.4490352313	12.7748
75.4718363903	12.7767
75.4946375494	12.7732
75.5174387084	12.7723
75.5402398674	12.7746
75.5630410265	12.7724
75.5858421855	12.7735
75.6086433445	12.776
75.6314445036	12.7758
75.6542456626	12.7782
75.6770468216	12.7789
75.6998479806	12.7799
75.7226491397	12.7808
75.7454502987	12.7837
75.7682514577	12.7882
75.7910526168	12.7909
75.8138537758	12.7923
75.8366549348	12.7917
75.8594560939	12.8045
75.8822572529	12.811
75.9050584119	12.82
75.9278595709	12.8303
75.95066073	12.8258
75.973461889	12.8218
75.996263048	12.8228
76.0190642071	12.8193
76.0418653661	12.8107
76.0646665251	12.8222
76.0874676842	12.8258
76.1102688432	12.8323
76.1330700022	12.856
76.1558711613	12.8717
76.1786723203	12.871
76.2014734793	12.8764
76.2242746383	12.879
76.2470757974	12.8913
76.2698769564	12.8881
76.2926781154	12.8959
76.3154792745	12.9645
76.3382804335	13.0048
76.3610815925	12.9576
76.3838827516	12.9293
76.4066839106	12.9261
76.4294850696	12.916
76.4522862286	12.8028
76.4750873877	12.7939
76.4978885467	12.8043
76.5206897057	12.8072
76.5434908648	12.8063
76.5662920238	12.8066
76.5890931828	12.8097
76.6118943419	12.8117
76.6346955009	12.8113
76.6574966599	12.8131
76.6802978189	12.8119
76.703098978	12.7963
76.725900137	12.7866
76.748701296	12.7848
76.7715024551	12.7757
76.7943036141	12.7674
76.8171047731	12.7657
76.8399059322	12.7611
76.8627070912	12.7567
76.8855082502	12.732
76.9083094093	12.73
76.9311105683	12.7287
76.9539117273	12.7584
76.9767128863	12.7839
76.9995140454	12.7916
77.0223152044	12.8111
77.0451163634	12.8311
77.0679175225	12.8443
77.0907186815	12.8502
77.1135198405	12.8184
77.1363209996	12.7867
77.1591221586	12.7857
77.1819233176	12.7924
77.2047244766	12.789
77.2275256357	12.7855
77.2503267947	12.786
77.2731279537	12.7854
77.2959291128	12.7852
77.3187302718	12.7848
77.3415314308	12.7837
77.3643325899	12.7834
77.3871337489	12.7833
77.4099349079	12.7838
77.4327360669	12.7845
77.455537226	12.7862
77.478338385	12.787
77.501139544	12.7865
77.5239407031	12.7876
77.5467418621	12.7894
77.5695430211	12.7919
77.5923441802	12.7932
77.6151453392	12.7993
77.6379464982	12.8023
77.6607476573	12.8066
77.6835488163	12.816
77.7063499753	12.8255
77.7291511343	12.8348
77.7519522934	12.8359
77.7747534524	12.8376
77.7975546114	12.8449
77.8203557705	12.8466
77.8431569295	12.8489
77.8659580885	12.8515
77.8887592476	12.8509
77.9115604066	12.8524
77.9343615656	12.8694
77.9571627246	12.8814
77.9799638837	12.8781
78.0027650427	12.8804
78.0255662017	12.8833
78.0483673608	12.8942
78.0711685198	12.9082
78.0939696788	12.9049
78.1167708379	12.9089
78.1395719969	12.9083
78.1623731559	12.9086
78.185174315	12.905
78.207975474	12.8914
78.230776633	12.8854
78.253577792	12.8745
78.2763789511	12.8753
78.2991801101	12.8787
78.3219812691	12.8782
78.3447824282	12.8758
78.3675835872	12.8659
78.3903847462	12.8488
78.4131859053	12.8518
78.4359870643	12.8537
78.4587882233	12.8525
78.4815893823	12.8451
78.5043905414	12.8326
78.5271917004	12.8327
78.5499928594	12.8375
78.5727940185	12.8408
78.5955951775	12.8392
78.6183963365	12.8395
78.6411974956	12.8466
78.6639986546	12.8472
78.6867998136	12.8471
78.7096009726	12.8511
78.7324021317	12.8516
78.7552032907	12.8517
78.7780044497	12.8536
78.8008056088	12.8555
78.8236067678	12.8775
78.8464079268	12.9074
78.8692090859	12.9201
78.8920102449	12.9213
78.9148114039	12.912
78.937612563	12.9094
78.960413722	12.9085
78.983214881	12.9075
79.00601604	12.9041
79.0288171991	12.9022
79.0516183581	12.896
79.0744195171	12.8952
79.0972206762	12.893
79.1200218352	12.8828
79.1428229942	12.8773
79.1656241533	12.8774
79.1884253123	12.8891
79.2112264713	12.8948
79.2340276303	12.8767
79.2568287894	12.8859
79.2796299484	12.8914
79.3024311074	12.8935
79.3252322665	12.8918
79.3480334255	12.8872
79.3708345845	12.8861
79.3936357436	12.8895
79.4164369026	12.8871
79.4392380616	12.888
79.4620392206	12.9177
79.4848403797	12.9912
79.5076415387	12.9038
79.5304426977	12.8763
79.5532438568	12.8857
79.5760450158	12.8664
79.5988461748	12.8552
79.6216473339	12.8561
79.6444484929	12.8581
79.6672496519	12.8558
79.690050811	12.8546
79.71285197	12.8461
79.735653129	12.8445
79.758454288	12.8441
79.7812554471	12.8383
79.8040566061	12.8356
79.8268577651	12.8378
79.8496589242	12.8372
79.8724600832	12.8367
79.8952612422	12.8362
79.9180624013	12.8377
79.9408635603	12.8415
79.9636647193	12.844
79.9864658783	12.8424
80.0092670374	12.8403
80.0320681964	12.8495
80.0548693554	12.8454
80.0776705145	12.825
80.1004716735	12.8329
80.1232728325	12.8323
80.1460739916	12.8285
80.1688751506	12.8322
80.1916763096	12.8316
80.2144774686	12.8349
80.2372786277	12.8346
80.2600797867	12.84
80.2828809457	12.8244
80.3056821048	12.8198
80.3284832638	12.8193
80.3512844228	12.8108
80.3740855819	12.7879
80.3968867409	12.7839
80.4196878999	12.7697
80.442489059	12.7698
80.465290218	12.7745
80.488091377	12.7759
80.510892536	12.7659
80.5336936951	12.7658
80.5564948541	12.7668
80.5792960131	12.7645
80.6020971722	12.7621
80.6248983312	12.762
80.6476994902	12.7653
80.6705006493	12.7662
80.6933018083	12.7728
80.7161029673	12.7959
80.7389041263	12.8072
80.7617052854	12.8089
80.7845064444	12.8262
80.8073076034	12.8272
80.8301087625	12.8203
80.8529099215	12.7936
80.8757110805	12.7678
80.8985122396	12.7653
80.9213133986	12.7626
80.9441145576	12.7652
80.9669157166	12.7648
80.9897168757	12.7613
81.0125180347	12.763
81.0353191937	12.7637
81.0581203528	12.7636
81.0809215118	12.765
81.1037226708	12.77
81.1265238299	12.7761
81.1493249889	12.7799
81.1721261479	12.7759
81.194927307	12.7714
81.217728466	12.7706
81.240529625	12.7688
81.263330784	12.763
81.2861319431	12.7597
81.3089331021	12.7579
81.3317342611	12.7535
81.3545354202	12.7474
81.3773365792	12.7426
81.4001377382	12.7425
81.4229388973	12.746
81.4457400563	12.758
81.4685412153	12.7647
81.4913423743	12.7648
81.5141435334	12.7509
81.5369446924	12.7477
81.5597458514	12.7373
81.5825470105	12.7346
81.6053481695	12.7323
81.6281493285	12.7327
81.6509504876	12.7304
81.6737516466	12.7169
81.6965528056	12.71
81.7193539646	12.6953
81.7421551237	12.7006
81.7649562827	12.7062
81.7877574417	12.7063
81.8105586008	12.7173
81.8333597598	12.7296
81.8561609188	12.7321
81.8789620779	12.7285
81.9017632369	12.7239
81.9245643959	12.7211
81.947365555	12.7225
81.970166714	12.7306
81.992967873	12.7411
82.015769032	12.7438
82.0385701911	12.7521
82.0613713501	12.7542
82.0841725091	12.7549
82.1069736682	12.7631
82.1297748272	12.7746
82.1525759862	12.7822
82.1753771453	12.7673
82.1981783043	12.7737
82.2209794633	12.7812
82.2437806223	12.7943
82.2665817814	12.8024
82.2893829404	12.8064
82.3121840994	12.8072
82.3349852585	12.8081
82.3577864175	12.8112
82.3805875765	12.8153
82.4033887356	12.8183
82.4261898946	12.8249
82.4489910536	12.829
82.4717922126	12.8366
82.4945933717	12.8393
82.5173945307	12.8428
82.5401956897	12.849
82.5629968488	12.8504
82.5857980078	12.8546
82.6085991668	12.8558
82.6314003259	12.8567
82.6542014849	12.8684
82.6770026439	12.8693
82.699803803	12.8687
82.722604962	12.8696
82.745406121	12.8694
82.76820728	12.8713
82.7910084391	12.8974
82.8138095981	12.8999
82.8366107571	12.9015
82.8594119162	12.906
82.8822130752	12.9097
82.9050142342	12.9142
82.9278153933	12.9139
82.9506165523	12.915
82.9734177113	12.9142
82.9962188703	12.9133
83.0190200294	12.9132
83.0418211884	12.9121
83.0646223474	12.9121
83.0874235065	12.9107
83.1102246655	12.9086
83.1330258245	12.9074
83.1558269836	12.9035
83.1786281426	12.9017
83.2014293016	12.8983
83.2242304607	12.8979
83.2470316197	12.8981
83.2698327787	12.8959
83.2926339377	12.8988
83.3154350968	12.9011
83.3382362558	12.9025
83.3610374148	12.9021
83.3838385739	12.9034
83.4066397329	12.9053
83.4294408919	12.9057
83.452242051	12.9088
83.47504321	12.9103
83.497844369	12.9099
83.520645528	12.9095
83.5434466871	12.9055
83.5662478461	12.9031
83.5890490051	12.9041
83.6118501642	12.9052
83.6346513232	12.9013
83.6574524822	12.9004
83.6802536413	12.8984
83.7030548003	12.8965
83.7258559593	12.8969
83.7486571183	12.8934
83.7714582774	12.8903
83.7942594364	12.8935
83.8170605954	12.9024
83.8398617545	12.9097
83.8626629135	12.91
83.8854640725	12.9119
83.9082652316	12.9226
83.9310663906	12.933
83.9538675496	12.9609
83.9766687087	12.9828
83.9994698677	12.99
84.0222710267	13.0107
84.0450721857	13.0586
84.0678733448	13.1145
84.0906745038	13.1169
84.1134756628	13.077
84.1362768219	13.0766
84.1590779809	13.0732
84.1818791399	13.0721
84.204680299	13.0736
84.227481458	13.0637
84.250282617	13.0408
84.273083776	13.0196
84.2958849351	13.0213
84.3186860941	13.0376
84.3414872531	13.0044
84.3642884122	12.9732
84.3870895712	12.9432
84.4098907302	12.919
84.4326918893	12.9065
84.4554930483	12.9087
84.4782942073	12.8897
84.5010953663	12.8858
84.5238965254	12.8927
84.5466976844	12.8971
84.5694988434	12.8951
84.5923000025	12.8998
84.6151011615	12.8996
84.6379023205	12.8988
84.6607034796	12.9006
84.6835046386	12.9056
84.7063057976	12.9028
84.7291069567	12.8892
84.7519081157	12.8815
84.7747092747	12.886
84.7975104337	12.8898
84.8203115928	12.8904
84.8431127518	12.8904
84.8659139108	12.8905
84.8887150699	12.8905
84.9115162289	12.9062
84.9343173879	12.919
84.957118547	12.9215
84.979919706	12.9211
85.002720865	12.9216
85.025522024	12.9188
85.0483231831	12.9165
85.0711243421	12.9181
85.0939255011	12.916
85.1167266602	12.9053
85.1395278192	12.9017
85.1623289782	12.9019
85.1851301373	12.9043
85.2079312963	12.9065
85.2307324553	12.9065
85.2535336143	12.9041
85.2763347734	12.9016
85.2991359324	12.8995
85.3219370914	12.8969
85.3447382505	12.8954
85.3675394095	12.8955
85.3903405685	12.8945
85.4131417276	12.8927
85.4359428866	12.8916
85.4587440456	12.8913
85.4815452047	12.8947
85.5043463637	12.8951
85.5271475227	12.8957
85.5499486817	12.8919
85.5727498408	12.8888
85.5955509998	12.8887
85.6183521588	12.8881
85.6411533179	12.8879
85.6639544769	12.8874
85.6867556359	12.8879
85.709556795	12.8892
85.732357954	12.8881
85.755159113	12.8902
85.777960272	12.8869
85.8007614311	12.8863
85.8235625901	12.8797
85.8463637491	12.8779
85.8691649082	12.8811
85.8919660672	12.8793
85.9147672262	12.8828
85.9375683853	12.8865
85.9603695443	12.8898
85.9831707033	12.8807
86.0059718623	12.8831
86.0287730214	12.8927
86.0515741804	12.8967
86.0743753394	12.892
86.0971764985	12.8888
86.1199776575	12.8819
86.1427788165	12.8792
86.1655799756	12.8758
86.1883811346	12.8694
86.2111822936	12.8617
86.2339834527	12.855
86.2567846117	12.8474
86.2795857707	12.8439
86.3023869297	12.8401
86.3251880888	12.8442
86.3479892478	12.8637
86.3707904068	12.8637
86.3935915659	12.8689
86.4163927249	12.8617
86.4391938839	12.8553
86.461995043	12.8551
86.484796202	12.8581
86.507597361	12.8696
86.53039852	12.8751
86.5531996791	12.8827
86.5760008381	12.8823
86.5988019971	12.8807
86.6216031562	12.8737
86.6444043152	12.8699
86.6672054742	12.8688
86.6900066333	12.8661
86.7128077923	12.8653
86.7356089513	12.8671
86.7584101103	12.8707
86.7812112694	12.8738
86.8040124284	12.8669
86.8268135874	12.8507
86.8496147465	12.8436
86.8724159055	12.8391
86.8952170645	12.8384
86.9180182236	12.8309
86.9408193826	12.8386
86.9636205416	12.8462
86.9864217007	12.8296
87.0092228597	12.8275
87.0320240187	12.8398
87.0548251777	12.8513
87.0776263368	12.845
87.1004274958	12.8385
87.1232286548	12.8316
87.1460298139	12.8128
87.1688309729	12.8051
87.1916321319	12.8032
87.214433291	12.8001
87.23723445	12.7987
87.260035609	12.794
87.282836768	12.7805
87.3056379271	12.7837
87.3284390861	12.7834
87.3512402451	12.7841
87.3740414042	12.7841
87.3968425632	12.7792
87.4196437222	12.7661
87.4424448813	12.7616
87.4652460403	12.7618
87.4880471993	12.7632
87.5108483583	12.7642
87.5336495174	12.7658
87.5564506764	12.7701
87.5792518354	12.7726
87.6020529945	12.7768
87.6248541535	12.7768
87.6476553125	12.7741
87.6704564716	12.7809
87.6932576306	12.7906
87.7160587896	12.7953
87.7388599487	12.7931
87.7616611077	12.7978
87.7844622667	12.8006
87.8072634257	12.8013
87.8300645848	12.7992
87.8528657438	12.7988
87.8756669028	12.7986
87.8984680619	12.7974
87.9212692209	12.7973
87.9440703799	12.7984
87.966871539	12.8004
87.989672698	12.8055
88.012473857	12.8093
88.035275016	12.8104
88.0580761751	12.8123
88.0808773341	12.8084
88.1036784931	12.805
88.1264796522	12.8026
88.1492808112	12.8033
88.1720819702	12.8077
88.1948831293	12.799
88.2176842883	12.7869
88.2404854473	12.7844
88.2632866063	12.7824
88.2860877654	12.7784
88.3088889244	12.779
88.3316900834	12.7787
88.3544912425	12.7829
88.3772924015	12.7838
88.4000935605	12.7816
88.4228947196	12.7834
88.4456958786	12.7923
88.4684970376	12.7928
88.4912981967	12.7933
88.5140993557	12.7952
88.5369005147	12.793
88.5597016737	12.7945
88.5825028328	12.7976
88.6053039918	12.7964
88.6281051508	12.7992
88.6509063099	12.7999
88.6737074689	12.8039
88.6965086279	12.8055
88.719309787	12.8151
88.742110946	12.8193
88.764912105	12.8191
88.787713264	12.8199
88.8105144231	12.8201
88.8333155821	12.8184
88.8561167411	12.8176
88.8789179002	12.8136
88.9017190592	12.8016
88.9245202182	12.7898
88.9473213773	12.7855
88.9701225363	12.7807
88.9929236953	12.7761
89.0157248544	12.7747
89.0385260134	12.7776
89.0613271724	12.7748
89.0841283314	12.7896
89.1069294905	12.7801
89.1297306495	12.7705
89.1525318085	12.7526
89.1753329676	12.75
89.1981341266	12.7543
89.2209352856	12.7636
89.2437364447	12.7715
89.2665376037	12.7798
89.2893387627	12.7929
89.3121399217	12.7975
89.3349410808	12.801
89.3577422398	12.8014
89.3805433988	12.7985
89.4033445579	12.7944
89.4261457169	12.7761
89.4489468759	12.764
89.471748035	12.7639
89.494549194	12.7587
89.517350353	12.7417
89.540151512	12.7338
89.5629526711	12.7337
89.5857538301	12.7376
89.6085549891	12.7381
89.6313561482	12.7394
89.6541573072	12.7438
89.6769584662	12.7487
89.6997596253	12.7497
89.7225607843	12.7515
89.7453619433	12.7517
89.7681631024	12.7512
89.7909642614	12.7511
89.8137654204	12.7533
89.8365665794	12.7527
89.8593677385	12.7535
89.8821688975	12.7535
89.9049700565	12.7524
89.9277712156	12.7554
89.9505723746	12.7592
89.9733735336	12.7607
89.9961746927	12.7616
90.0189758517	12.7681
90.0417770107	12.7737
90.0645781697	12.776
90.0873793288	12.777
90.1101804878	12.7782
90.1329816468	12.7814
90.1557828059	12.7888
90.1785839649	12.7868
90.2013851239	12.7856
90.224186283	12.7705
90.246987442	12.7668
90.269788601	12.7634
90.29258976	12.7596
90.3153909191	12.7572
90.3381920781	12.7518
90.3609932371	12.7487
90.3837943962	12.7513
90.4065955552	12.751
90.4293967142	12.7531
90.4521978733	12.7559
90.4749990323	12.7564
90.4978001913	12.7543
90.5206013504	12.758
90.5434025094	12.7638
90.5662036684	12.7657
90.5890048274	12.768
90.6118059865	12.7688
90.6346071455	12.7743
90.6574083045	12.7714
90.6802094636	12.7694
90.7030106226	12.7789
90.7258117816	12.7803
90.7486129407	12.7834
90.7714140997	12.7889
90.7942152587	12.7923
90.8170164177	12.7886
90.8398175768	12.7881
90.8626187358	12.7704
90.8854198948	12.7558
90.9082210539	12.7452
90.9310222129	12.7457
90.9538233719	12.7636
90.976624531	12.8255
90.99942569	12.859
91.022226849	12.862
91.045028008	12.839
91.0678291671	12.8205
91.0906303261	12.8109
91.1134314851	12.7775
91.1362326442	12.7561
91.1590338032	12.7529
91.1818349622	12.7421
91.2046361213	12.7341
91.2274372803	12.7291
91.2502384393	12.7363
91.2730395984	12.7455
91.2958407574	12.7462
91.3186419164	12.7423
91.3414430754	12.7477
91.3642442345	12.7475
91.3870453935	12.748
91.4098465525	12.7603
91.4326477116	12.7801
91.4554488706	12.8054
91.4782500296	12.8057
91.5010511887	12.7946
91.5238523477	12.7773
91.5466535067	12.7682
91.5694546657	12.7756
91.5922558248	12.7971
91.6150569838	12.7769
91.6378581428	12.7891
91.6606593019	12.7729
91.6834604609	12.7545
91.7062616199	12.7806
91.729062779	12.7744
91.751863938	12.7579
91.774665097	12.7457
91.797466256	12.7559
91.8202674151	12.7505
91.8430685741	12.768
91.8658697331	12.7899
91.8886708922	12.807
91.9114720512	12.808
91.9342732102	12.8066
91.9570743693	12.7834
91.9798755283	12.7751
92.0026766873	12.7653
92.0254778464	12.7366
92.0482790054	12.725
92.0710801644	12.7216
92.0938813234	12.7101
92.1166824825	12.7011
92.1394836415	12.7057
92.1622848005	12.6971
92.1850859596	12.6927
92.2078871186	12.6898
92.2306882776	12.6895
92.2534894367	12.6863
92.2762905957	12.7046
92.2990917547	12.7069
92.3218929137	12.685
92.3446940728	12.6609
92.3674952318	12.6647
92.3902963908	12.6656
92.4130975499	12.6709
92.4358987089	12.6748
92.4586998679	12.6767
92.481501027	12.6678
92.504302186	12.6687
92.527103345	12.658
92.549904504	12.6598
92.5727056631	12.6707
92.5955068221	12.6858
92.6183079811	12.7006
92.6411091402	12.7148
92.6639102992	12.7152
92.6867114582	12.7114
92.7095126173	12.7062
92.7323137763	12.707
92.7551149353	12.7146
92.7779160944	12.7109
92.8007172534	12.7044
92.8235184124	12.6608
92.8463195714	12.639
92.8691207305	12.628
92.8919218895	12.644
92.9147230485	12.6528
92.9375242076	12.6491
92.9603253666	12.6381
92.9831265256	12.63
93.0059276847	12.6366
93.0287288437	12.647
93.0515300027	12.6621
93.0743311617	12.682
93.0971323208	12.6934
93.1199334798	12.7128
93.1427346388	12.7273
93.1655357979	12.7314
93.1883369569	12.7368
93.2111381159	12.7383
93.233939275	12.7405
93.256740434	12.7349
93.279541593	12.7264
93.302342752	12.7118
93.3251439111	12.7121
93.3479450701	12.7242
93.3707462291	12.7304
93.3935473882	12.726
93.4163485472	12.7174
93.4391497062	12.7094
93.4619508653	12.6971
93.4847520243	12.6956
93.5075531833	12.6875
93.5303543424	12.6832
93.5531555014	12.6823
93.5759566604	12.6805
93.5987578194	12.6819
93.6215589785	12.6791
93.6443601375	12.6737
93.6671612965	12.6761
93.6899624556	12.6851
93.7127636146	12.6889
93.7355647736	12.6943
93.7583659327	12.6744
93.7811670917	12.6632
93.8039682507	12.663
93.8267694097	12.6453
93.8495705688	12.6424
93.8723717278	12.6545
93.8951728868	12.6649
93.9179740459	12.6721
93.9407752049	12.6824
93.9635763639	12.6982
93.986377523	12.7085
94.009178682	12.6842
94.031979841	12.6861
94.054781	12.6683
94.0775821591	12.6408
94.1003833181	12.6504
94.1231844771	12.63
94.1459856362	12.6157
94.1687867952	12.6164
94.1915879542	12.6104
94.2143891133	12.6055
94.2371902723	12.6042
94.2599914313	12.6008
94.2827925904	12.61
94.3055937494	12.6147
94.3283949084	12.6085
94.3511960674	12.5787
94.3739972265	12.5659
94.3967983855	12.5537
94.4195995445	12.5735
94.4424007036	12.6116
94.4652018626	12.6256
94.4880030216	12.6272
94.5108041807	12.6281
94.5336053397	12.6319
94.5564064987	12.6339
94.5792076577	12.6334
94.6020088168	12.6301
94.6248099758	12.6263
94.6476111348	12.625
94.6704122939	12.6249
94.6932134529	12.6346
94.7160146119	12.6282
94.738815771	12.624
94.76161693	12.6187
94.784418089	12.6192
94.8072192481	12.6227
94.8300204071	12.6539
94.8528215661	12.6853
94.8756227251	12.6656
94.8984238842	12.6661
94.9212250432	12.6636
94.9440262022	12.6545
94.9668273613	12.649
94.9896285203	12.6334
95.0124296793	12.6119
95.0352308384	12.6034
95.0580319974	12.5953
95.0808331564	12.5925
95.1036343154	12.5919
95.1264354745	12.5929
95.1492366335	12.5923
95.1720377925	12.5942
95.1948389516	12.5956
95.2176401106	12.6029
95.2404412696	12.6081
95.2632424287	12.6042
95.2860435877	12.6106
95.3088447467	12.6112
95.3316459057	12.6077
95.3544470648	12.6099
95.3772482238	12.6199
95.4000493828	12.624
95.4228505419	12.6202
95.4456517009	12.6217
95.4684528599	12.6238
95.491254019	12.6253
