0   12.7216
0.022130136 12.7246
0.044260271 12.7267
0.066390407 12.7234
0.088520542 12.7219
0.110650678 12.7163
0.132780814 12.7147
0.154910949 12.7049
0.177041085 12.7109
0.19917122  12.694
0.221301356 12.691
0.243431492 12.7044
0.265561627 12.7044
0.287691763 12.7065
0.309821898 12.7045
0.331952034 12.6889
0.35408217  12.6791
0.376212305 12.6745
0.398342441 12.6636
0.420472576 12.6385
0.442602712 12.6258
0.464732848 12.6185
0.486862983 12.6121
0.508993119 12.6134
0.531123254 12.5942
0.55325339  12.5501
0.575383526 12.5262
0.597513661 12.5232
0.619643797 12.5136
0.641773932 12.5
0.663904068 12.48
0.686034204 12.4678
0.708164339 12.4715
0.730294475 12.432
0.75242461  12.3968
0.774554746 12.3919
0.796684882 12.4087
0.818815017 12.4159
0.840945153 12.4188
0.863075288 12.435
0.885205424 12.4491
0.90733556  12.4517
0.929465695 12.454
0.951595831 12.4632
0.973725966 12.4773
0.995856102 12.486
1.017986238 12.4895
1.040116373 12.4914
1.062246509 12.5017
1.084376644 12.5133
1.10650678  12.5131
1.128636916 12.5267
1.150767051 12.5427
1.172897187 12.5431
1.195027322 12.5454
1.217157458 12.5432
1.239287594 12.5444
1.261417729 12.5492
1.283547865 12.5518
1.305678    12.5528
1.327808136 12.5564
1.349938272 12.5549
1.372068407 12.5561
1.394198543 12.5558
1.416328678 12.5532
1.438458814 12.5501
1.46058895  12.5522
1.482719085 12.5585
1.504849221 12.5652
1.526979356 12.5591
1.549109492 12.5548
1.571239628 12.5495
1.593369763 12.5364
1.615499899 12.5348
1.637630034 12.5413
1.65976017  12.552
1.681890306 12.5532
1.704020441 12.5569
1.726150577 12.5584
1.748280713 12.5596
1.770410848 12.5596
1.792540984 12.5585
1.814671119 12.5569
1.836801255 12.5559
1.858931391 12.5527
1.881061526 12.5568
1.903191662 12.5645
1.925321797 12.5657
1.947451933 12.5684
1.969582069 12.5711
1.991712204 12.5759
2.01384234  12.578
2.035972475 12.5796
2.058102611 12.5814
2.080232747 12.5869
2.102362882 12.5883
2.124493018 12.6025
2.146623153 12.603
2.168753289 12.6053
2.190883425 12.6091
2.21301356  12.6125
2.235143696 12.6155
2.257273831 12.6153
2.279403967 12.616
2.301534103 12.6168
2.323664238 12.62
2.345794374 12.6229
2.367924509 12.6268
2.390054645 12.6297
2.412184781 12.6354
2.434314916 12.6364
2.456445052 12.64
2.478575187 12.6468
2.500705323 12.6485
2.522835459 12.6525
2.544965594 12.658
2.56709573  12.6603
2.589225865 12.6646
2.611356001 12.6684
2.633486137 12.6687
2.655616272 12.6707
2.677746408 12.6759
2.699876543 12.6784
2.722006679 12.6756
2.744136815 12.6793
2.76626695  12.6829
2.788397086 12.6862
2.810527221 12.6924
2.832657357 12.6953
2.854787493 12.6959
2.876917628 12.7024
2.899047764 12.7031
2.921177899 12.7076
2.943308035 12.7183
2.965438171 12.7219
2.987568306 12.7227
3.009698442 12.7289
3.031828577 12.7343
3.053958713 12.7374
3.076088849 12.7382
3.098218984 12.7463
3.12034912  12.7475
3.142479255 12.7522
3.164609391 12.764
3.186739527 12.7686
3.208869662 12.769
3.230999798 12.7729
3.253129933 12.7773
3.275260069 12.7853
3.297390205 12.7918
3.31952034  12.7933
3.341650476 12.7941
3.363780611 12.7995
3.385910747 12.8157
3.408040883 12.8249
3.430171018 12.8253
3.452301154 12.8179
3.474431289 12.8158
3.496561425 12.8191
3.518691561 12.8235
3.540821696 12.8304
3.562951832 12.8385
3.585081967 12.8432
3.607212103 12.8436
3.629342239 12.8449
3.651472374 12.8494
3.67360251  12.853
3.695732645 12.8515
3.717862781 12.8576
3.739992917 12.862
3.762123052 12.8655
3.784253188 12.8686
3.806383323 12.8746
3.828513459 12.8846
3.850643595 12.892
3.87277373  12.9004
3.894903866 12.9049
3.917034001 12.9061
3.939164137 12.9129
3.961294273 12.9183
3.983424408 12.9216
4.005554544 12.922
4.027684679 12.9293
4.049814815 12.9383
4.071944951 12.9404
4.094075086 12.9431
4.116205222 12.9476
4.138335357 12.9485
4.160465493 12.9517
4.182595629 12.9586
4.204725764 12.9636
4.2268559   12.9709
4.248986035 12.9796
4.271116171 12.9947
4.293246307 12.9902
4.315376442 13.0234
4.337506578 13.018
4.359636713 13.0138
4.381766849 13.0243
4.403896985 13.0316
4.42602712  13.0293
4.448157256 13.035
4.470287391 13.0372
4.492417527 13.0425
4.514547663 13.0458
4.536677798 13.0494
4.558807934 13.0558
4.580938069 13.0613
4.603068205 13.0783
4.625198341 13.0911
4.647328476 13.0904
4.669458612 13.0924
4.691588747 13.0927
4.713718883 13.0929
4.735849019 13.099
4.757979154 13.1048
4.78010929  13.1073
4.802239425 13.1148
4.824369561 13.1215
4.846499697 13.1231
4.868629832 13.127
4.890759968 13.1399
4.912890103 13.1435
4.935020239 13.1441
4.957150375 13.1569
4.97928051  13.1718
5.001410646 13.1732
5.023540781 13.1777
5.045670917 13.1787
5.067801053 13.1856
5.089931188 13.1911
5.112061324 13.1975
5.134191459 13.2053
5.156321595 13.2134
5.178451731 13.2171
5.200581866 13.229
5.222712002 13.237
5.244842137 13.2479
5.266972273 13.2478
5.289102409 13.2504
5.311232544 13.2576
5.33336268  13.2606
5.355492816 13.2658
5.377622951 13.2709
5.399753087 13.2664
5.421883222 13.2692
5.444013358 13.3014
5.466143494 13.3034
5.488273629 13.302
5.510403765 13.3015
5.5325339   13.3044
5.554664036 13.3068
5.576794172 13.307
5.598924307 13.3063
5.621054443 13.3128
5.643184578 13.3213
5.665314714 13.3329
5.68744485  13.339
5.709574985 13.3417
5.731705121 13.3465
5.753835256 13.3545
5.775965392 13.3693
5.798095528 13.3698
5.820225663 13.382
5.842355799 13.3932
5.864485934 13.394
5.88661607  13.4024
5.908746206 13.4128
5.930876341 13.4157
5.953006477 13.4258
5.975136612 13.4363
5.997266748 13.4381
6.019396884 13.4361
6.041527019 13.4372
6.063657155 13.4389
6.08578729  13.4418
6.107917426 13.4417
6.130047562 13.4436
6.152177697 13.4541
6.174307833 13.4632
6.196437968 13.4681
6.218568104 13.4764
6.24069824  13.4803
6.262828375 13.4813
6.284958511 13.4889
6.307088646 13.4925
6.329218782 13.4965
6.351348918 13.5013
6.373479053 13.5065
6.395609189 13.5083
6.417739324 13.5185
6.43986946  13.5203
6.461999596 13.5263
6.484129731 13.5361
6.506259867 13.5383
6.528390002 13.5438
6.550520138 13.5477
6.572650274 13.5489
6.594780409 13.5548
6.616910545 13.5567
6.63904068  13.5569
6.661170816 13.5641
6.683300952 13.5697
6.705431087 13.5793
6.727561223 13.5822
6.749691358 13.5879
6.771821494 13.5957
6.79395163  13.5971
6.816081765 13.6004
6.838211901 13.6055
6.860342036 13.61
6.882472172 13.6127
6.904602308 13.6119
6.926732443 13.6159
6.948862579 13.6344
6.970992714 13.6414
6.99312285  13.6524
7.015252986 13.6633
7.037383121 13.6726
7.059513257 13.6733
7.081643392 13.675
7.103773528 13.6794
7.125903664 13.6849
7.148033799 13.6875
7.170163935 13.6925
7.19229407  13.6945
7.214424206 13.7034
7.236554342 13.7135
7.258684477 13.7206
7.280814613 13.7258
7.302944748 13.7289
7.325074884 13.7334
7.34720502  13.7388
7.369335155 13.7434
7.391465291 13.7493
7.413595426 13.7514
7.435725562 13.7546
7.457855698 13.7566
7.479985833 13.7612
7.502115969 13.7644
7.524246104 13.7662
7.54637624  13.768
7.568506376 13.7723
7.590636511 13.7765
7.612766647 13.7794
7.634896782 13.7815
7.657026918 13.7827
7.679157054 13.7849
7.701287189 13.79
7.723417325 13.7942
7.74554746  13.7973
7.767677596 13.8018
7.789807732 13.8029
7.811937867 13.8072
7.834068003 13.8118
7.856198138 13.8204
7.878328274 13.83
7.90045841  13.8361
7.922588545 13.8425
7.944718681 13.8458
7.966848816 13.851
7.988978952 13.8573
8.011109088 13.8599
8.033239223 13.8638
8.055369359 13.8675
8.077499494 13.8746
8.09962963  13.8844
8.121759766 13.8851
8.143889901 13.8916
8.166020037 13.8973
8.188150172 13.8994
8.210280308 13.9098
8.232410444 13.9144
8.254540579 13.9193
8.276670715 13.9227
8.29880085  13.9249
8.320930986 13.9276
8.343061122 13.9321
8.365191257 13.9371
8.387321393 13.9417
8.409451528 13.943
8.431581664 13.9434
8.4537118   13.9514
8.475841935 13.9554
8.497972071 13.9579
8.520102206 13.9579
8.542232342 13.9586
8.564362478 13.9646
8.586492613 13.9751
8.608622749 13.9857
8.630752884 13.9868
8.65288302  13.9901
8.675013156 14.0004
8.697143291 14.0026
8.719273427 14.0039
8.741403562 14.0096
8.763533698 14.0113
8.785663834 14.0161
8.807793969 14.0177
8.829924105 14.0184
8.85205424  14.0186
8.874184376 14.021
8.896314512 14.0249
8.918444647 14.0288
8.940574783 14.0301
8.962704918 14.0326
8.984835054 14.0409
9.00696519  14.0468
9.029095325 14.0604
9.051225461 14.0672
9.073355597 14.0752
9.095485732 14.0805
9.117615868 14.0817
9.139746003 14.0838
9.161876139 14.0833
9.184006275 14.09
9.20613641  14.0924
9.228266546 14.09
9.250396681 14.0934
9.272526817 14.0976
9.294656953 14.0949
9.316787088 14.0965
9.338917224 14.0976
9.361047359 14.1078
9.383177495 14.1191
9.405307631 14.1239
9.427437766 14.1398
9.449567902 14.1459
9.471698037 14.1442
9.493828173 14.1419
9.515958309 14.1352
9.538088444 14.1353
9.56021858  14.1402
9.582348715 14.1404
9.604478851 14.1438
9.626608987 14.145
9.648739122 14.1506
9.670869258 14.1487
9.692999393 14.1491
9.715129529 14.1531
9.737259665 14.16
9.7593898   14.1639
9.781519936 14.1647
9.803650071 14.1675
9.825780207 14.1754
9.847910343 14.1779
9.870040478 14.1789
9.892170614 14.1917
9.914300749 14.1929
9.936430885 14.1962
9.958561021 14.205
9.980691156 14.2072
10.00282129 14.208
10.02495143 14.2169
10.04708156 14.2234
10.0692117  14.2357
10.09134183 14.2438
10.11347197 14.2542
10.13560211 14.2542
10.15773224 14.2499
10.17986238 14.2417
10.20199251 14.234
10.22412265 14.2347
10.24625278 14.2357
10.26838292 14.2427
10.29051305 14.2477
10.31264319 14.2532
10.33477333 14.2591
10.35690346 14.2569
10.3790336  14.2665
10.40116373 14.2743
10.42329387 14.2741
10.445424   14.2757
10.46755414 14.2749
10.48968428 14.2816
10.51181441 14.285
10.53394455 14.2899
10.55607468 14.2853
10.57820482 14.2947
10.60033495 14.3064
10.62246509 14.307
10.64459522 14.3156
10.66672536 14.3276
10.6888555  14.3238
10.71098563 14.3212
10.73311577 14.3183
10.7552459  14.3157
10.77737604 14.3146
10.79950617 14.3099
10.82163631 14.3064
10.84376644 14.3021
10.86589658 14.3056
10.88802672 14.3113
10.91015685 14.3146
10.93228699 14.3204
10.95441712 14.3269
10.97654726 14.3406
10.99867739 14.3573
11.02080753 14.3612
11.04293767 14.3678
11.0650678  14.3736
11.08719794 14.3809
11.10932807 14.3871
11.13145821 14.3897
11.15358834 14.3736
11.17571848 14.3581
11.19784861 14.3568
11.21997875 14.3529
11.24210889 14.3416
11.26423902 14.3271
11.28636916 14.3141
11.30849929 14.3111
11.33062943 14.3034
11.35275956 14.2949
11.3748897  14.2948
11.39701983 14.3043
11.41914997 14.3118
11.44128011 14.3153
11.46341024 14.3204
11.48554038 14.322
11.50767051 14.3238
11.52980065 14.3237
11.55193078 14.3242
11.57406092 14.3324
11.59619106 14.3349
11.61832119 14.3346
11.64045133 14.3186
11.66258146 14.3093
11.6847116  14.3042
11.70684173 14.2996
11.72897187 14.287
11.751102   14.2704
11.77323214 14.2695
11.79536228 14.2683
11.81749241 14.2625
11.83962255 14.2599
11.86175268 14.2593
11.88388282 14.2567
11.90601295 14.2512
11.92814309 14.2467
11.95027322 14.2456
11.97240336 14.2361
11.9945335  14.2347
12.01666363 14.2308
12.03879377 14.2243
12.0609239  14.2206
12.08305404 14.2162
12.10518417 14.211
12.12731431 14.195
12.14944445 14.1717
12.17157458 14.1844
12.19370472 14.1099
12.21583485 14.0827
12.23796499 14.0553
12.26009512 14.0466
12.28222526 14.0413
12.30435539 14.0352
12.32648553 14.0367
12.34861567 14.039
12.3707458  14.0389
12.39287594 14.0411
12.41500607 14.0453
12.43713621 14.0513
12.45926634 14.052
12.48139648 14.0525
12.50352661 14.0489
12.52565675 14.0491
12.54778689 14.0455
12.56991702 14.0389
12.59204716 14.0387
12.61417729 14.0368
12.63630743 14.0319
12.65843756 14.0281
12.6805677  14.0258
12.70269784 14.0228
12.72482797 14.0179
12.74695811 14.0192
12.76908824 14.0178
12.79121838 14.0166
12.81334851 14.0158
12.83547865 14.016
12.85760878 14.016
12.87973892 14.0163
12.90186906 14.0163
12.92399919 14.0164
12.94612933 14.0156
12.96825946 14.014
12.9903896  14.013
13.01251973 14.0088
13.03464987 14.0001
13.05678    14.0001
13.07891014 14.0036
13.10104028 14.0076
13.12317041 14.0108
13.14530055 14.0097
13.16743068 14.0121
13.18956082 14.0136
13.21169095 14.0151
13.23382109 14.0156
13.25595123 14.0168
13.27808136 14.0155
13.3002115  14.0143
13.32234163 14.0128
13.34447177 14.0111
13.3666019  14.0116
13.38873204 14.0119
13.41086217 14.0133
13.43299231 14.0096
13.45512245 14.0087
13.47725258 14.0076
13.49938272 14.0076
13.52151285 14.0076
13.54364299 14.0082
13.56577312 14.0109
13.58790326 14.0111
13.61003339 14.0112
13.63216353 14.0089
13.65429367 14.0072
13.6764238  14.0065
13.69855394 14.0071
13.72068407 14.008
13.74281421 14.0072
13.76494434 14.0062
13.78707448 14.0059
13.80920462 14.0048
13.83133475 14.0026
13.85346489 13.9964
13.87559502 13.9933
13.89772516 13.9928
13.91985529 13.9919
13.94198543 13.9924
13.96411556 13.9927
13.9862457  13.9926
14.00837584 13.9913
14.03050597 13.9912
14.05263611 13.9909
14.07476624 13.9908
14.09689638 13.9907
14.11902651 13.9898
14.14115665 13.9911
14.16328678 13.9932
14.18541692 13.9947
14.20754706 13.9948
14.22967719 13.9983
14.25180733 14.004
14.27393746 13.9992
14.2960676  13.9945
14.31819773 13.9954
14.34032787 13.995
14.36245801 13.9923
14.38458814 13.9906
14.40671828 13.993
14.42884841 13.9945
14.45097855 13.997
14.47310868 13.9952
14.49523882 13.9942
14.51736895 13.9927
14.53949909 13.9918
14.56162923 13.992
14.58375936 13.992
14.6058895  13.9902
14.62801963 13.9894
14.65014977 13.9891
14.6722799  13.9891
14.69441004 13.9885
14.71654017 13.9905
14.73867031 13.9963
14.76080045 13.9954
14.78293058 13.9898
14.80506072 13.9926
14.82719085 13.9913
14.84932099 13.9903
14.87145112 13.9876
14.89358126 13.9878
14.9157114  13.9865
14.93784153 13.9869
14.95997167 13.9793
14.9821018  13.9779
15.00423194 13.98
15.02636207 13.9803
15.04849221 13.9806
15.07062234 13.9818
15.09275248 13.9837
15.11488262 13.9829
15.13701275 13.9829
15.15914289 13.9832
15.18127302 13.9839
15.20340316 13.9834
15.22553329 13.9845
15.24766343 13.9856
15.26979356 13.9856
15.2919237  13.9855
15.31405384 13.9848
15.33618397 13.9837
15.35831411 13.9834
15.38044424 13.9814
15.40257438 13.9823
15.42470451 13.9817
15.44683465 13.98
15.46896479 13.983
15.49109492 13.987
15.51322506 13.9966
15.53535519 14.0013
15.55748533 14.008
15.57961546 14.0218
15.6017456  14.0276
15.62387573 14.0281
15.64600587 14.0376
15.66813601 14.0317
15.69026614 13.9994
15.71239628 13.9922
15.73452641 13.9935
15.75665655 13.987
15.77878668 13.9838
15.80091682 13.9802
15.82304695 13.9809
15.84517709 13.9811
15.86730723 13.9819
15.88943736 13.9839
15.9115675  13.9855
15.93369763 13.9856
15.95582777 13.9857
15.9779579  13.9865
16.00008804 13.9871
16.02221818 13.9872
16.04434831 13.9908
16.06647845 13.991
16.08860858 13.9887
16.11073872 13.9848
16.13286885 13.9842
16.15499899 13.9839
16.17712912 13.9827
16.19925926 13.9813
16.2213894  13.9811
16.24351953 13.9812
16.26564967 13.9791
16.2877798  13.9781
16.30990994 13.978
16.33204007 13.9787
16.35417021 13.9785
16.37630034 13.982
16.39843048 13.9849
16.42056062 13.9875
16.44269075 13.9903
16.46482089 13.9925
16.48695102 13.9948
16.50908116 13.9937
16.53121129 13.9928
16.55334143 13.9953
16.57547157 13.9987
16.5976017  13.9984
16.61973184 14.0015
16.64186197 14.0012
16.66399211 13.994
16.68612224 13.9808
16.70825238 13.9767
16.73038251 13.9766
16.75251265 13.9786
16.77464279 13.98
16.79677292 13.9824
16.81890306 13.9816
16.84103319 13.9712
16.86316333 13.9699
16.88529346 13.9684
16.9074236  13.9687
16.92955373 13.9718
16.95168387 13.971
16.97381401 13.9508
16.99594414 13.9497
17.01807428 13.9503
17.04020441 13.9531
17.06233455 13.9544
17.08446468 13.9548
17.10659482 13.9562
17.12872496 13.9601
17.15085509 13.9618
17.17298523 13.962
17.19511536 13.9663
17.2172455  13.9676
17.23937563 13.9677
17.26150577 13.9718
17.2836359  13.9749
17.30576604 13.9744
17.32789618 13.9655
17.35002631 13.9649
17.37215645 13.9604
17.39428658 13.9532
17.41641672 13.943
17.43854685 13.9432
17.46067699 13.9468
17.48280713 13.9471
17.50493726 13.9461
17.5270674  13.9478
17.54919753 13.95
17.57132767 13.9502
17.5934578  13.9482
17.61558794 13.9447
17.63771807 13.9436
17.65984821 13.9421
17.68197835 13.942
17.70410848 13.9422
17.72623862 13.9409
17.74836875 13.9404
17.77049889 13.9397
17.79262902 13.9396
17.81475916 13.9376
17.83688929 13.9389
17.85901943 13.94
17.88114957 13.9459
17.9032797  13.9531
17.92540984 13.9531
17.94753997 13.9482
17.96967011 13.9422
17.99180024 13.9417
18.01393038 13.9412
18.03606052 13.938
18.05819065 13.9327
18.08032079 13.9308
18.10245092 13.9301
18.12458106 13.9307
18.14671119 13.9307
18.16884133 13.9305
18.19097146 13.9298
18.2131016  13.9291
18.23523174 13.9277
18.25736187 13.9267
18.27949201 13.9254
18.30162214 13.924
18.32375228 13.9213
18.34588241 13.9181
18.36801255 13.9123
18.39014268 13.9123
18.41227282 13.9102
18.43440296 13.9064
18.45653309 13.9062
18.47866323 13.905
18.50079336 13.9047
18.5229235  13.9026
18.54505363 13.9011
18.56718377 13.9004
18.58931391 13.8995
18.61144404 13.8992
18.63357418 13.8998
18.65570431 13.9019
18.67783445 13.9037
18.69996458 13.9051
18.72209472 13.9086
18.74422485 13.9123
18.76635499 13.9114
18.78848513 13.9128
18.81061526 13.9161
18.8327454  13.916
18.85487553 13.9176
18.87700567 13.9215
18.8991358  13.927
18.92126594 13.9194
18.94339607 13.9031
18.96552621 13.8936
18.98765635 13.8879
19.00978648 13.8889
19.03191662 13.8875
19.05404675 13.8762
19.07617689 13.8762
19.09830702 13.8774
19.12043716 13.8717
19.1425673  13.8663
19.16469743 13.8679
19.18682757 13.8991
19.2089577  13.9014
19.23108784 13.8961
19.25321797 13.8912
19.27534811 13.8839
19.29747824 13.8837
19.31960838 13.8867
19.34173852 13.8903
19.36386865 13.8894
19.38599879 13.8887
19.40812892 13.8826
19.43025906 13.8799
19.45238919 13.8691
19.47451933 13.852
19.49664946 13.8446
19.5187796  13.8455
19.54090974 13.8552
19.56303987 13.8625
19.58517001 13.8651
19.60730014 13.8722
19.62943028 13.8823
19.65156041 13.8914
19.67369055 13.8949
19.69582069 13.8921
19.71795082 13.8906
19.74008096 13.8878
19.76221109 13.8867
19.78434123 13.8868
19.80647136 13.886
19.8286015  13.8887
19.85073163 13.8921
19.87286177 13.894
19.89499191 13.8944
19.91712204 13.8938
19.93925218 13.8927
19.96138231 13.8918
19.98351245 13.891
20.00564258 13.8911
20.02777272 13.8932
20.04990285 13.8968
20.07203299 13.8986
20.09416313 13.8986
20.11629326 13.8977
20.1384234  13.8975
20.16055353 13.8965
20.18268367 13.8948
20.2048138  13.8956
20.22694394 13.8976
20.24907408 13.9009
20.27120421 13.9038
20.29333435 13.9067
20.31546448 13.9023
20.33759462 13.8967
20.35972475 13.895
20.38185489 13.8941
20.40398502 13.8955
20.42611516 13.8956
20.4482453  13.8963
20.47037543 13.9005
20.49250557 13.9019
20.5146357  13.8981
20.53676584 13.8984
20.55889597 13.9101
20.58102611 13.9218
20.60315624 13.9299
20.62528638 13.9257
20.64741652 13.9306
20.66954665 13.94
20.69167679 13.9714
20.71380692 14.0011
20.73593706 14.0142
20.75806719 14.0156
20.78019733 14.0335
20.80232747 14.0626
20.8244576  14.0624
20.84658774 14.0916
20.86871787 14.1335
20.89084801 14.1457
20.91297814 14.1584
20.93510828 14.1683
20.95723841 14.1862
20.97936855 14.1877
21.00149869 14.1944
21.02362882 14.2037
21.04575896 14.2094
21.06788909 14.2104
21.09001923 14.2202
21.11214936 14.2211
21.1342795  14.2289
21.15640963 14.235
21.17853977 14.2343
21.20066991 14.2454
21.22280004 14.2546
21.24493018 14.2564
21.26706031 14.2593
21.28919045 14.2645
21.31132058 14.2679
21.33345072 14.2687
21.35558086 14.2765
21.37771099 14.2731
21.39984113 14.2488
21.42197126 14.2224
21.4441014  14.2176
21.46623153 14.2084
21.48836167 14.1985
21.5104918  14.1975
21.53262194 14.194
21.55475208 14.1852
21.57688221 14.1823
21.59901235 14.1796
21.62114248 14.1771
21.64327262 14.1736
21.66540275 14.1672
21.68753289 14.1663
21.70966302 14.1646
21.73179316 14.1641
21.7539233  14.1636
21.77605343 14.1638
21.79818357 14.1607
21.8203137  14.1554
21.84244384 14.1522
21.86457397 14.1512
21.88670411 14.1464
21.90883425 14.1439
21.93096438 14.1389
21.95309452 14.1231
21.97522465 14.1146
21.99735479 14.1096
22.01948492 14.1025
22.04161506 14.0927
22.06374519 14.088
22.08587533 14.0833
22.10800547 14.081
22.1301356  14.0735
22.15226574 14.0679
22.17439587 14.0639
22.19652601 14.0611
22.21865614 14.0558
22.24078628 14.0523
22.26291641 14.0514
22.28504655 14.0466
22.30717669 14.0337
22.32930682 14.0256
22.35143696 14.0176
22.37356709 14.016
22.39569723 14.0133
22.41782736 14.0042
22.4399575  14.0013
22.46208764 13.9902
22.48421777 13.9866
22.50634791 13.9857
22.52847804 13.9777
22.55060818 13.9663
22.57273831 13.9623
22.59486845 13.9577
22.61699858 13.9559
22.63912872 13.9538
22.66125886 13.9504
22.68338899 13.9521
22.70551913 13.9482
22.72764926 13.9407
22.7497794  13.9372
22.77190953 13.9359
22.79403967 13.9335
22.8161698  13.9312
22.83829994 13.9233
22.86043008 13.912
22.88256021 13.8975
22.90469035 13.8894
22.92682048 13.8833
22.94895062 13.8746
22.97108075 13.8729
22.99321089 13.8407
23.01534103 13.8083
23.03747116 13.801
23.0596013  13.7947
23.08173143 13.7904
23.10386157 13.7895
23.1259917  13.7885
23.14812184 13.7852
23.17025197 13.779
23.19238211 13.7771
23.21451225 13.7682
23.23664238 13.7473
23.25877252 13.7354
23.28090265 13.7361
23.30303279 13.7337
23.32516292 13.7353
23.34729306 13.7333
23.36942319 13.7327
23.39155333 13.7306
23.41368347 13.727
23.4358136  13.7256
23.45794374 13.7179
23.48007387 13.7102
23.50220401 13.7091
23.52433414 13.7077
23.54646428 13.7075
23.56859442 13.6996
23.59072455 13.6915
23.61285469 13.6889
23.63498482 13.6863
23.65711496 13.6806
23.67924509 13.6688
23.70137523 13.6657
23.72350536 13.6632
23.7456355  13.6545
23.76776564 13.6431
23.78989577 13.6387
23.81202591 13.6374
23.83415604 13.63
23.85628618 13.6128
23.87841631 13.6067
23.90054645 13.6059
23.92267658 13.6013
23.94480672 13.6002
23.96693686 13.5932
23.98906699 13.5814
24.01119713 13.575
24.03332726 13.5793
24.0554574  13.5825
24.07758753 13.5837
24.09971767 13.5846
24.12184781 13.5839
24.14397794 13.5652
24.16610808 13.5424
24.18823821 13.5383
24.21036835 13.5346
24.23249848 13.5301
24.25462862 13.5213
24.27675875 13.507
24.29888889 13.5056
24.32101903 13.4976
24.34314916 13.4856
24.3652793  13.4758
24.38740943 13.4761
24.40953957 13.4696
24.4316697  13.4597
24.45379984 13.4562
24.47592997 13.4556
24.49806011 13.449
24.52019025 13.4387
24.54232038 13.4326
24.56445052 13.4341
24.58658065 13.4331
24.60871079 13.431
24.63084092 13.4252
24.65297106 13.4218
24.6751012  13.4169
24.69723133 13.4088
24.71936147 13.3967
24.7414916  13.387
24.76362174 13.3859
24.78575187 13.3767
24.80788201 13.3593
24.83001214 13.3569
24.85214228 13.3509
24.87427242 13.3488
24.89640255 13.3413
24.91853269 13.3379
24.94066282 13.3365
24.96279296 13.3298
24.98492309 13.327
25.00705323 13.3261
25.02918337 13.3135
25.0513135  13.299
25.07344364 13.291
25.09557377 13.2827
25.11770391 13.2813
25.13983404 13.2807
25.16196418 13.2799
25.18409431 13.2803
25.20622445 13.2807
25.22835459 13.28
25.25048472 13.2714
25.27261486 13.2585
25.29474499 13.2544
25.31687513 13.2494
25.33900526 13.2428
25.3611354  13.2395
25.38326553 13.2338
25.40539567 13.2251
25.42752581 13.2204
25.44965594 13.2141
25.47178608 13.2111
25.49391621 13.2088
25.51604635 13.207
25.53817648 13.2098
25.56030662 13.217
25.58243676 13.2181
25.60456689 13.199
25.62669703 13.1905
25.64882716 13.1865
25.6709573  13.1769
25.69308743 13.1719
25.71521757 13.172
25.7373477  13.1666
25.75947784 13.159
25.78160798 13.1476
25.80373811 13.1402
25.82586825 13.1374
25.84799838 13.1273
25.87012852 13.1258
25.89225865 13.112
25.91438879 13.102
25.93651892 13.1008
25.95864906 13.0938
25.9807792  13.081
26.00290933 13.0618
26.02503947 13.0444
26.0471696  13.0398
26.06929974 13.0352
26.09142987 13.0329
26.11356001 13.028
26.13569015 13.0218
26.15782028 13.0155
26.17995042 13.0037
26.20208055 12.9879
26.22421069 12.9863
26.24634082 12.9752
26.26847096 12.973
26.29060109 12.9674
26.31273123 12.9655
26.33486137 12.9651
26.3569915  12.956
26.37912164 12.9488
26.40125177 12.9482
26.42338191 12.949
26.44551204 12.9526
26.46764218 12.9573
26.48977231 12.9596
26.51190245 12.9625
26.53403259 12.9685
26.55616272 12.9673
26.57829286 12.9382
26.60042299 12.9105
26.62255313 12.8994
26.64468326 12.8873
26.6668134  12.8942
26.68894354 12.8857
26.71107367 12.8916
26.73320381 12.8819
26.75533394 12.8874
26.77746408 12.8673
26.79959421 12.8149
26.82172435 12.8015
26.84385448 12.8115
26.86598462 12.807
26.88811476 12.8301
26.91024489 12.8322
26.93237503 12.8386
26.95450516 12.84
26.9766353  12.8397
26.99876543 12.8411
27.02089557 12.8306
27.0430257  12.8571
27.06515584 12.8586
27.08728598 12.8439
27.10941611 12.8191
27.13154625 12.831
27.15367638 12.8212
27.17580652 12.8024
27.19793665 12.7912
27.22006679 12.7622
27.24219693 12.7123
27.26432706 12.6934
27.2864572  12.6852
27.30858733 12.6849
27.33071747 12.6896
27.3528476  12.6893
27.37497774 12.6938
27.39710787 12.6619
27.41923801 12.63
27.44136815 12.6248
27.46349828 12.6116
27.48562842 12.6117
27.50775855 12.6091
27.52988869 12.5987
27.55201882 12.5995
27.57414896 12.5938
27.59627909 12.5856
27.61840923 12.5826
27.64053937 12.5693
27.6626695  12.5602
27.68479964 12.5317
27.70692977 12.507
27.72905991 12.4895
27.75119004 12.468
27.77332018 12.4575
27.79545032 12.4467
27.81758045 12.4358
27.83971059 12.4331
27.86184072 12.4022
27.88397086 12.4005
27.90610099 12.4094
27.92823113 12.4098
27.95036126 12.4043
27.9724914  12.4032
27.99462154 12.3974
28.01675167 12.396
28.03888181 12.3912
28.06101194 12.3948
28.08314208 12.4066
28.10527221 12.4201
28.12740235 12.4292
28.14953248 12.4444
28.17166262 12.4598
28.19379276 12.4885
28.21592289 12.5098
28.23805303 12.5167
28.26018316 12.5528
28.2823133  12.5329
28.30444343 12.5099
28.32657357 12.4268
28.34870371 12.3595
28.37083384 12.3526
28.39296398 12.2992
28.41509411 12.2922
28.43722425 12.2958
28.45935438 12.2695
28.48148452 12.2772
28.50361465 12.2877
28.52574479 12.3136
28.54787493 12.3171
28.57000506 12.32
28.5921352  12.3196
28.61426533 12.324
28.63639547 12.3256
28.6585256  12.3216
28.68065574 12.3183
28.70278587 12.3158
28.72491601 12.3191
28.74704615 12.3148
28.76917628 12.3036
28.79130642 12.2945
28.81343655 12.292
28.83556669 12.2847
28.85769682 12.2788
28.87982696 12.2752
28.9019571  12.2695
28.92408723 12.2619
28.94621737 12.2545
28.9683475  12.2113
28.99047764 12.1951
29.01260777 12.193
29.03473791 12.1815
29.05686804 12.1753
29.07899818 12.1707
29.10112832 12.1709
29.12325845 12.1708
29.14538859 12.1727
29.16751872 12.1726
29.18964886 12.1691
29.21177899 12.1629
29.23390913 12.1595
29.25603926 12.1562
29.2781694  12.1522
29.30029954 12.1485
29.32242967 12.1451
29.34455981 12.1417
29.36668994 12.1357
29.38882008 12.1231
29.41095021 12.1145
29.43308035 12.1075
29.45521049 12.0598
29.47734062 12.0509
29.49947076 12.0537
29.52160089 12.0444
29.54373103 12.0358
29.56586116 12.0396
29.5879913  12.0366
29.61012143 12.0295
29.63225157 12.0251
29.65438171 12.019
29.67651184 12.0185
29.69864198 12.0145
29.72077211 12.0095
29.74290225 12.0087
29.76503238 12.004
29.78716252 12.0022
29.80929265 12.0005
29.83142279 11.9951
29.85355293 11.9874
29.87568306 11.987
29.8978132  11.986
29.91994333 11.9806
29.94207347 11.9692
29.9642036  11.9693
29.98633374 11.9762
30.00846388 11.9822
30.03059401 11.9817
30.05272415 11.9817
30.07485428 11.9837
30.09698442 11.9856
30.11911455 11.9856
30.14124469 11.9898
30.16337482 11.9905
30.18550496 11.9945
30.2076351  12.013
30.22976523 12.0177
30.25189537 12.0162
30.2740255  12.0096
30.29615564 12.0093
30.31828577 12.0138
30.34041591 12.0127
30.36254604 12.0141
30.38467618 12.0129
30.40680632 12.0132
30.42893645 12.0131
30.45106659 12.0104
30.47319672 12.0106
30.49532686 12.0115
30.51745699 12.0124
30.53958713 12.0106
30.56171727 12.0062
30.5838474  12.0001
30.60597754 11.9968
30.62810767 11.9964
30.65023781 11.9957
30.67236794 11.9944
30.69449808 11.9944
30.71662821 11.9898
30.73875835 11.9853
30.76088849 11.9839
30.78301862 11.9756
30.80514876 11.9672
30.82727889 11.9624
30.84940903 11.9617
30.87153916 11.9569
30.8936693  11.9454
30.91579943 11.9361
30.93792957 11.9496
30.96005971 11.9622
30.98218984 11.96
31.00431998 11.9476
31.02645011 11.9454
31.04858025 11.956
31.07071038 11.9607
31.09284052 11.9579
31.11497066 11.9572
31.13710079 11.9564
31.15923093 11.9587
31.18136106 11.9486
31.2034912  11.9439
31.22562133 11.9414
31.24775147 11.9369
31.2698816  11.934
31.29201174 11.9261
31.31414188 11.9286
31.33627201 11.9285
31.35840215 11.9291
31.38053228 11.9256
31.40266242 11.9241
31.42479255 11.9197
31.44692269 11.9146
31.46905282 11.9154
31.49118296 11.9125
31.5133131  11.9077
31.53544323 11.9001
31.55757337 11.8979
31.5797035  11.894
31.60183364 11.8864
31.62396377 11.8812
31.64609391 11.881
31.66822405 11.8831
31.69035418 11.8854
31.71248432 11.888
31.73461445 11.8922
31.75674459 11.9049
31.77887472 11.9275
31.80100486 11.934
31.82313499 11.9344
31.84526513 11.9334
31.86739527 11.9314
31.8895254  11.93
31.91165554 11.929
31.93378567 11.9278
31.95591581 11.9246
31.97804594 11.9224
32.00017608 11.9209
32.02230622 11.923
32.04443635 11.9231
32.06656649 11.9233
32.08869662 11.9263
32.11082676 11.9362
32.13295689 11.9365
32.15508703 11.9363
32.17721716 11.9398
32.1993473  11.9426
32.22147744 11.9372
32.24360757 11.9296
32.26573771 11.9287
32.28786784 11.9291
32.30999798 11.9289
32.33212811 11.9261
32.35425825 11.9222
32.37638838 11.9221
32.39851852 11.922
32.42064866 11.9225
32.44277879 11.9224
32.46490893 11.923
32.48703906 11.9271
32.5091692  11.9291
32.53129933 11.9305
32.55342947 11.933
32.57555961 11.9337
32.59768974 11.9373
32.61981988 11.9408
32.64195001 11.9429
32.66408015 11.9431
32.68621028 11.9405
32.70834042 11.9409
32.73047055 11.9323
32.75260069 11.9071
32.77473083 11.9015
32.79686096 11.8889
32.8189911  11.883
32.84112123 11.8724
32.86325137 11.8424
32.8853815  11.8368
32.90751164 11.8398
32.92964177 11.8386
32.95177191 11.8353
32.97390205 11.8292
32.99603218 11.8259
33.01816232 11.8274
33.04029245 11.8307
33.06242259 11.8379
33.08455272 11.8379
33.10668286 11.8363
33.128813   11.8453
33.15094313 11.8492
33.17307327 11.8548
33.1952034  11.8441
33.21733354 11.8317
33.23946367 11.8264
33.26159381 11.825
33.28372394 11.8238
33.30585408 11.8063
33.32798422 11.7943
33.35011435 11.7772
33.37224449 11.7913
33.39437462 11.8075
33.41650476 11.8093
33.43863489 11.8166
33.46076503 11.8185
33.48289516 11.8327
33.5050253  11.8382
33.52715544 11.8382
33.54928557 11.8482
33.57141571 11.8525
33.59354584 11.8554
33.61567598 11.8579
33.63780611 11.8589
33.65993625 11.8663
33.68206639 11.8663
33.70419652 11.8618
33.72632666 11.8628
33.74845679 11.868
33.77058693 11.8673
33.79271706 11.842
33.8148472  11.8126
33.83697733 11.7977
33.85910747 11.7987
33.88123761 11.7974
33.90336774 11.7961
33.92549788 11.7946
33.94762801 11.7945
33.96975815 11.7943
33.99188828 11.7946
34.01401842 11.7932
34.03614855 11.7956
34.05827869 11.7991
34.08040883 11.8024
34.10253896 11.8025
34.1246691  11.8027
34.14679923 11.7975
34.16892937 11.7836
34.1910595  11.7755
34.21318964 11.7708
34.23531978 11.7704
34.25744991 11.7739
34.27958005 11.777
34.30171018 11.7793
34.32384032 11.7764
34.34597045 11.7794
34.36810059 11.7772
34.39023072 11.7773
34.41236086 11.7757
34.434491   11.7732
34.45662113 11.7732
34.47875127 11.7672
34.5008814  11.769
34.52301154 11.7719
34.54514167 11.7761
34.56727181 11.7763
34.58940194 11.7656
34.61153208 11.7592
34.63366222 11.7581
34.65579235 11.7599
34.67792249 11.7413
34.70005262 11.7406
34.72218276 11.7471
34.74431289 11.747
34.76644303 11.7406
34.78857317 11.7339
34.8107033  11.7326
34.83283344 11.7244
34.85496357 11.7203
34.87709371 11.7156
34.89922384 11.7192
34.92135398 11.726
34.94348411 11.7383
34.96561425 11.7436
34.98774439 11.7443
35.00987452 11.7441
35.03200466 11.7423
35.05413479 11.7357
35.07626493 11.7336
35.09839506 11.7373
35.1205252  11.7269
35.14265533 11.7344
35.16478547 11.7318
35.18691561 11.7247
35.20904574 11.7356
35.23117588 11.7429
35.25330601 11.7701
35.27543615 11.7935
35.29756628 11.8311
35.31969642 11.8275
35.34182656 11.807
35.36395669 11.8072
35.38608683 11.825
35.40821696 11.8368
35.4303471  11.8158
35.45247723 11.8083
35.47460737 11.8129
35.4967375  11.7934
35.51886764 11.7921
35.54099778 11.7899
35.56312791 11.7755
35.58525805 11.7748
35.60738818 11.7637
35.62951832 11.7642
35.65164845 11.7612
35.67377859 11.7597
35.69590872 11.7552
35.71803886 11.7548
35.740169   11.7538
35.76229913 11.7549
35.78442927 11.7554
35.8065594  11.7554
35.82868954 11.7537
35.85081967 11.7509
35.87294981 11.7508
35.89507995 11.7502
35.91721008 11.7422
35.93934022 11.7303
35.96147035 11.727
35.98360049 11.7265
36.00573062 11.7232
